 1  0  0  1   1   1
 2  0  0  1   1  -1
 3  0  0  1  -1   1
 4  0  0  1  -1  -1
 5  1  0  1   1   1
 6  1  0  1   1  -1
 7  1  0  1  -1   1
 8  1  0  1  -1  -1
 9  2  0  1   1   1
10  2  0  1   1  -1
11  2  0  1  -1   1
12  2  0  1  -1  -1
13  0  2  3   5   1
14  0  2  3   5  -1
15  0  2  3   3   1
16  0  2  3   3  -1
17  0  2  3   1   1
18  0  2  3   1  -1
19  0  2  3  -1   1
20  0  2  3  -1  -1
21  0  2  3  -3   1
22  0  2  3  -3  -1
23  0  2  3  -5   1
24  0  2  3  -5  -1
25  1  2  3   5   1
26  1  2  3   5  -1
27  1  2  3   3   1
28  1  2  3   3  -1
29  1  2  3   1   1
30  1  2  3   1  -1
31  1  2  3  -1   1
32  1  2  3  -1  -1
33  1  2  3  -3   1
34  1  2  3  -3  -1
35  1  2  3  -5   1
36  1  2  3  -5  -1
37  2  2  3   5   1
38  2  2  3   5  -1
39  2  2  3   3   1
40  2  2  3   3  -1
41  2  2  3   1   1
42  2  2  3   1  -1
43  2  2  3  -1   1
44  2  2  3  -1  -1
45  2  2  3  -3   1
46  2  2  3  -3  -1
47  2  2  3  -5   1
48  2  2  3  -5  -1