0	1	0	1	5.469741499387846
1	0	0	1	-5.469741499387846
0	1	1	0	-5.469741499387846
1	0	1	0	5.469741499387846
0	1	0	2	5.774256152931415
1	0	0	2	-5.774256152931415
0	1	2	0	-5.774256152931415
1	0	2	0	5.774256152931415
0	1	0	3	7.498807862321863
1	0	0	3	-7.498807862321863
0	1	3	0	-7.498807862321863
1	0	3	0	7.498807862321863
0	1	0	4	9.63131072653151
1	0	0	4	-9.63131072653151
0	1	4	0	-9.63131072653151
1	0	4	0	9.63131072653151
0	1	0	5	7.424848653342704
1	0	0	5	-7.424848653342704
0	1	5	0	-7.424848653342704
1	0	5	0	7.424848653342704
0	1	0	6	2.749031102090051
1	0	0	6	-2.749031102090051
0	1	6	0	-2.749031102090051
1	0	6	0	2.749031102090051
0	1	0	7	3.519424627798413
1	0	0	7	-3.519424627798413
0	1	7	0	-3.519424627798413
1	0	7	0	3.519424627798413
0	1	1	2	0.6503970957617854
1	0	1	2	-0.6503970957617854
0	1	2	1	-0.6503970957617854
1	0	2	1	0.6503970957617854
0	1	1	3	1.6194541307498498
1	0	1	3	-1.6194541307498498
0	1	3	1	-1.6194541307498498
1	0	3	1	1.6194541307498498
0	1	1	4	3.0976922480637934
1	0	1	4	-3.0976922480637934
0	1	4	1	-3.0976922480637934
1	0	4	1	3.0976922480637934
0	1	1	5	0.04092502027371098
1	0	1	5	-0.04092502027371098
0	1	5	1	-0.04092502027371098
1	0	5	1	0.04092502027371098
0	1	1	6	1.6552108093338187
1	0	1	6	-1.6552108093338187
0	1	6	1	-1.6552108093338187
1	0	6	1	1.6552108093338187
0	1	1	7	3.9281643143908647
1	0	1	7	-3.9281643143908647
0	1	7	1	-3.9281643143908647
1	0	7	1	3.9281643143908647
0	1	2	3	10.108540998050653
1	0	2	3	-10.108540998050653
0	1	3	2	-10.108540998050653
1	0	3	2	10.108540998050653
0	1	2	4	0.0
1	0	2	4	-0.0
0	1	4	2	-0.0
1	0	4	2	0.0
0	1	2	5	0.0
1	0	2	5	-0.0
0	1	5	2	-0.0
1	0	5	2	0.0
0	1	2	6	3.7153950909427955
1	0	2	6	-3.7153950909427955
0	1	6	2	-3.7153950909427955
1	0	6	2	3.7153950909427955
0	1	2	7	8.150132276247486
1	0	2	7	-8.150132276247486
0	1	7	2	-8.150132276247486
1	0	7	2	8.150132276247486
0	1	3	4	0.0
1	0	3	4	-0.0
0	1	4	3	-0.0
1	0	4	3	0.0
0	1	3	5	0.0
1	0	3	5	-0.0
0	1	5	3	-0.0
1	0	5	3	0.0
0	1	3	6	8.118891878433367
1	0	3	6	-8.118891878433367
0	1	6	3	-8.118891878433367
1	0	6	3	8.118891878433367
0	1	3	7	0.0
1	0	3	7	-0.0
0	1	7	3	-0.0
1	0	7	3	0.0
0	1	4	5	0.0
1	0	4	5	-0.0
0	1	5	4	-0.0
1	0	5	4	0.0
0	1	4	6	0.0
1	0	4	6	-0.0
0	1	6	4	-0.0
1	0	6	4	0.0
0	1	4	7	0.0
1	0	4	7	-0.0
0	1	7	4	-0.0
1	0	7	4	0.0
0	1	5	6	0.0
1	0	5	6	-0.0
0	1	6	5	-0.0
1	0	6	5	0.0
0	1	5	7	0.0
1	0	5	7	-0.0
0	1	7	5	-0.0
1	0	7	5	0.0
0	1	6	7	3.671886509980305
1	0	6	7	-3.671886509980305
0	1	7	6	-3.671886509980305
1	0	7	6	3.671886509980305
0	2	0	1	5.738350544292168
2	0	0	1	-5.738350544292168
0	2	1	0	-5.738350544292168
2	0	1	0	5.738350544292168
0	2	0	2	6.931207107816971
2	0	0	2	-6.931207107816971
0	2	2	0	-6.931207107816971
2	0	2	0	6.931207107816971
0	2	0	3	6.702559694699273
2	0	0	3	-6.702559694699273
0	2	3	0	-6.702559694699273
2	0	3	0	6.702559694699273
0	2	0	4	8.635871993428351
2	0	0	4	-8.635871993428351
0	2	4	0	-8.635871993428351
2	0	4	0	8.635871993428351
0	2	0	5	9.606859293911878
2	0	0	5	-9.606859293911878
0	2	5	0	-9.606859293911878
2	0	5	0	9.606859293911878
0	2	0	6	3.1890572074326973
2	0	0	6	-3.1890572074326973
0	2	6	0	-3.1890572074326973
2	0	6	0	3.1890572074326973
0	2	0	7	3.7424377579456203
2	0	0	7	-3.7424377579456203
0	2	7	0	-3.7424377579456203
2	0	7	0	3.7424377579456203
0	2	1	2	0.7850598883654422
2	0	1	2	-0.7850598883654422
0	2	2	1	-0.7850598883654422
2	0	2	1	0.7850598883654422
0	2	1	3	1.618429966429603
2	0	1	3	-1.618429966429603
0	2	3	1	-1.618429966429603
2	0	3	1	1.618429966429603
0	2	1	4	3.2226239604087925
2	0	1	4	-3.2226239604087925
0	2	4	1	-3.2226239604087925
2	0	4	1	3.2226239604087925
0	2	1	5	-0.19260043608735639
2	0	1	5	0.19260043608735639
0	2	5	1	0.19260043608735639
2	0	5	1	-0.19260043608735639
0	2	1	6	1.3583168575890974
2	0	1	6	-1.3583168575890974
0	2	6	1	-1.3583168575890974
2	0	6	1	1.3583168575890974
0	2	1	7	3.112139195893042
2	0	1	7	-3.112139195893042
0	2	7	1	-3.112139195893042
2	0	7	1	3.112139195893042
0	2	2	3	9.555256226681363
2	0	2	3	-9.555256226681363
0	2	3	2	-9.555256226681363
2	0	3	2	9.555256226681363
0	2	2	4	0.26382036753330457
2	0	2	4	-0.26382036753330457
0	2	4	2	-0.26382036753330457
2	0	4	2	0.26382036753330457
0	2	2	5	-0.20359758541390846
2	0	2	5	0.20359758541390846
0	2	5	2	0.20359758541390846
2	0	5	2	-0.20359758541390846
0	2	2	6	3.143481958843958
2	0	2	6	-3.143481958843958
0	2	6	2	-3.143481958843958
2	0	6	2	3.143481958843958
0	2	2	7	8.557961879295355
2	0	2	7	-8.557961879295355
0	2	7	2	-8.557961879295355
2	0	7	2	8.557961879295355
0	2	3	4	0.0
2	0	3	4	-0.0
0	2	4	3	-0.0
2	0	4	3	0.0
0	2	3	5	0.0
2	0	3	5	-0.0
0	2	5	3	-0.0
2	0	5	3	0.0
0	2	3	6	7.213604799560404
2	0	3	6	-7.213604799560404
0	2	6	3	-7.213604799560404
2	0	6	3	7.213604799560404
0	2	3	7	0.0
2	0	3	7	-0.0
0	2	7	3	-0.0
2	0	7	3	0.0
0	2	4	5	0.0
2	0	4	5	-0.0
0	2	5	4	-0.0
2	0	5	4	0.0
0	2	4	6	0.0
2	0	4	6	-0.0
0	2	6	4	-0.0
2	0	6	4	0.0
0	2	4	7	0.0
2	0	4	7	-0.0
0	2	7	4	-0.0
2	0	7	4	0.0
0	2	5	6	0.0
2	0	5	6	-0.0
0	2	6	5	-0.0
2	0	6	5	0.0
0	2	5	7	0.0
2	0	5	7	-0.0
0	2	7	5	-0.0
2	0	7	5	0.0
0	2	6	7	3.3996847456760966
2	0	6	7	-3.3996847456760966
0	2	7	6	-3.3996847456760966
2	0	7	6	3.3996847456760966
0	3	0	1	5.589273261236987
3	0	0	1	-5.589273261236987
0	3	1	0	-5.589273261236987
3	0	1	0	5.589273261236987
0	3	0	2	7.33193132905989
3	0	0	2	-7.33193132905989
0	3	2	0	-7.33193132905989
3	0	2	0	7.33193132905989
0	3	0	3	8.244401821367394
3	0	0	3	-8.244401821367394
0	3	3	0	-8.244401821367394
3	0	3	0	8.244401821367394
0	3	0	4	9.019639309432453
3	0	0	4	-9.019639309432453
0	3	4	0	-9.019639309432453
3	0	4	0	9.019639309432453
0	3	0	5	8.96920393286845
3	0	0	5	-8.96920393286845
0	3	5	0	-8.96920393286845
3	0	5	0	8.96920393286845
0	3	0	6	3.1567966249039947
3	0	0	6	-3.1567966249039947
0	3	6	0	-3.1567966249039947
3	0	6	0	3.1567966249039947
0	3	0	7	4.555134783082027
3	0	0	7	-4.555134783082027
0	3	7	0	-4.555134783082027
3	0	7	0	4.555134783082027
0	3	1	2	0.84081231910902
3	0	1	2	-0.84081231910902
0	3	2	1	-0.84081231910902
3	0	2	1	0.84081231910902
0	3	1	3	1.5084131919074364
3	0	1	3	-1.5084131919074364
0	3	3	1	-1.5084131919074364
3	0	3	1	1.5084131919074364
0	3	1	4	2.6792043109943413
3	0	1	4	-2.6792043109943413
0	3	4	1	-2.6792043109943413
3	0	4	1	2.6792043109943413
0	3	1	5	-0.09331558924762014
3	0	1	5	0.09331558924762014
0	3	5	1	0.09331558924762014
3	0	5	1	-0.09331558924762014
0	3	1	6	1.2869252109501905
3	0	1	6	-1.2869252109501905
0	3	6	1	-1.2869252109501905
3	0	6	1	1.2869252109501905
0	3	1	7	3.3581592240717093
3	0	1	7	-3.3581592240717093
0	3	7	1	-3.3581592240717093
3	0	7	1	3.3581592240717093
0	3	2	3	8.388070004861165
3	0	2	3	-8.388070004861165
0	3	3	2	-8.388070004861165
3	0	3	2	8.388070004861165
0	3	2	4	0.25537692252144406
3	0	2	4	-0.25537692252144406
0	3	4	2	-0.25537692252144406
3	0	4	2	0.25537692252144406
0	3	2	5	-0.17306349210569186
3	0	2	5	0.17306349210569186
0	3	5	2	0.17306349210569186
3	0	5	2	-0.17306349210569186
0	3	2	6	2.426045471307831
3	0	2	6	-2.426045471307831
0	3	6	2	-2.426045471307831
3	0	6	2	2.426045471307831
0	3	2	7	8.259825902327359
3	0	2	7	-8.259825902327359
0	3	7	2	-8.259825902327359
3	0	7	2	8.259825902327359
0	3	3	4	0.12058624956699353
3	0	3	4	-0.12058624956699353
0	3	4	3	-0.12058624956699353
3	0	4	3	0.12058624956699353
0	3	3	5	-0.1830190083499374
3	0	3	5	0.1830190083499374
0	3	5	3	0.1830190083499374
3	0	5	3	-0.1830190083499374
0	3	3	6	6.820278295442195
3	0	3	6	-6.820278295442195
0	3	6	3	-6.820278295442195
3	0	6	3	6.820278295442195
0	3	3	7	-0.18513908192265233
3	0	3	7	0.18513908192265233
0	3	7	3	0.18513908192265233
3	0	7	3	-0.18513908192265233
0	3	4	5	0.0
3	0	4	5	-0.0
0	3	5	4	-0.0
3	0	5	4	0.0
0	3	4	6	0.0
3	0	4	6	-0.0
0	3	6	4	-0.0
3	0	6	4	0.0
0	3	4	7	0.0
3	0	4	7	-0.0
0	3	7	4	-0.0
3	0	7	4	0.0
0	3	5	6	0.0
3	0	5	6	-0.0
0	3	6	5	-0.0
3	0	6	5	0.0
0	3	5	7	0.0
3	0	5	7	-0.0
0	3	7	5	-0.0
3	0	7	5	0.0
0	3	6	7	3.721164394471041
3	0	6	7	-3.721164394471041
0	3	7	6	-3.721164394471041
3	0	7	6	3.721164394471041
0	4	0	1	4.412753831690297
4	0	0	1	-4.412753831690297
0	4	1	0	-4.412753831690297
4	0	1	0	4.412753831690297
0	4	0	2	6.556609198364755
4	0	0	2	-6.556609198364755
0	4	2	0	-6.556609198364755
4	0	2	0	6.556609198364755
0	4	0	3	7.396738565469399
4	0	0	3	-7.396738565469399
0	4	3	0	-7.396738565469399
4	0	3	0	7.396738565469399
0	4	0	4	6.79064633155738
4	0	0	4	-6.79064633155738
0	4	4	0	-6.79064633155738
4	0	4	0	6.79064633155738
0	4	0	5	8.701075113156936
4	0	0	5	-8.701075113156936
0	4	5	0	-8.701075113156936
4	0	5	0	8.701075113156936
0	4	0	6	3.1906267074025068
4	0	0	6	-3.1906267074025068
0	4	6	0	-3.1906267074025068
4	0	6	0	3.1906267074025068
0	4	0	7	3.169467786154298
4	0	0	7	-3.169467786154298
0	4	7	0	-3.169467786154298
4	0	7	0	3.169467786154298
0	4	1	2	0.6827582724389805
4	0	1	2	-0.6827582724389805
0	4	2	1	-0.6827582724389805
4	0	2	1	0.6827582724389805
0	4	1	3	1.4779800918622406
4	0	1	3	-1.4779800918622406
0	4	3	1	-1.4779800918622406
4	0	3	1	1.4779800918622406
0	4	1	4	3.1741579592139666
4	0	1	4	-3.1741579592139666
0	4	4	1	-3.1741579592139666
4	0	4	1	3.1741579592139666
0	4	1	5	0.12293383830026597
4	0	1	5	-0.12293383830026597
0	4	5	1	-0.12293383830026597
4	0	5	1	0.12293383830026597
0	4	1	6	1.4783189739264604
4	0	1	6	-1.4783189739264604
0	4	6	1	-1.4783189739264604
4	0	6	1	1.4783189739264604
0	4	1	7	4.127838609831462
4	0	1	7	-4.127838609831462
0	4	7	1	-4.127838609831462
4	0	7	1	4.127838609831462
0	4	2	3	9.713243414537686
4	0	2	3	-9.713243414537686
0	4	3	2	-9.713243414537686
4	0	3	2	9.713243414537686
0	4	2	4	0.05510659907747761
4	0	2	4	-0.05510659907747761
0	4	4	2	-0.05510659907747761
4	0	4	2	0.05510659907747761
0	4	2	5	-0.003440286722868279
4	0	2	5	0.003440286722868279
0	4	5	2	0.003440286722868279
4	0	5	2	-0.003440286722868279
0	4	2	6	2.70217846144313
4	0	2	6	-2.70217846144313
0	4	6	2	-2.70217846144313
4	0	6	2	2.70217846144313
0	4	2	7	6.865016838671725
4	0	2	7	-6.865016838671725
0	4	7	2	-6.865016838671725
4	0	7	2	6.865016838671725
0	4	3	4	0.07398098795816033
4	0	3	4	-0.07398098795816033
0	4	4	3	-0.07398098795816033
4	0	4	3	0.07398098795816033
0	4	3	5	-0.022792492547643137
4	0	3	5	0.022792492547643137
0	4	5	3	0.022792492547643137
4	0	5	3	-0.022792492547643137
0	4	3	6	7.339920163781349
4	0	3	6	-7.339920163781349
0	4	6	3	-7.339920163781349
4	0	6	3	7.339920163781349
0	4	3	7	-0.0457526725764911
4	0	3	7	0.0457526725764911
0	4	7	3	0.0457526725764911
4	0	7	3	-0.0457526725764911
0	4	4	5	-0.21500486374788624
4	0	4	5	0.21500486374788624
0	4	5	4	0.21500486374788624
4	0	5	4	-0.21500486374788624
0	4	4	6	-0.1976734135017953
4	0	4	6	0.1976734135017953
0	4	6	4	0.1976734135017953
4	0	6	4	-0.1976734135017953
0	4	4	7	-0.18831052066380116
4	0	4	7	0.18831052066380116
0	4	7	4	0.18831052066380116
4	0	7	4	-0.18831052066380116
0	4	5	6	0.0
4	0	5	6	-0.0
0	4	6	5	-0.0
4	0	6	5	0.0
0	4	5	7	0.0
4	0	5	7	-0.0
0	4	7	5	-0.0
4	0	7	5	0.0
0	4	6	7	4.659820682692006
4	0	6	7	-4.659820682692006
0	4	7	6	-4.659820682692006
4	0	7	6	4.659820682692006
0	5	0	1	5.284414827256375
5	0	0	1	-5.284414827256375
0	5	1	0	-5.284414827256375
5	0	1	0	5.284414827256375
0	5	0	2	5.6032987776235315
5	0	0	2	-5.6032987776235315
0	5	2	0	-5.6032987776235315
5	0	2	0	5.6032987776235315
0	5	0	3	7.243295665206154
5	0	0	3	-7.243295665206154
0	5	3	0	-7.243295665206154
5	0	3	0	7.243295665206154
0	5	0	4	8.248599692605161
5	0	0	4	-8.248599692605161
0	5	4	0	-8.248599692605161
5	0	4	0	8.248599692605161
0	5	0	5	9.333805237148411
5	0	0	5	-9.333805237148411
0	5	5	0	-9.333805237148411
5	0	5	0	9.333805237148411
0	5	0	6	2.570977708049588
5	0	0	6	-2.570977708049588
0	5	6	0	-2.570977708049588
5	0	6	0	2.570977708049588
0	5	0	7	3.0846289517056316
5	0	0	7	-3.0846289517056316
0	5	7	0	-3.0846289517056316
5	0	7	0	3.0846289517056316
0	5	1	2	0.8631163094953159
5	0	1	2	-0.8631163094953159
0	5	2	1	-0.8631163094953159
5	0	2	1	0.8631163094953159
0	5	1	3	1.98761671596155
5	0	1	3	-1.98761671596155
0	5	3	1	-1.98761671596155
5	0	3	1	1.98761671596155
0	5	1	4	2.8578513722502557
5	0	1	4	-2.8578513722502557
0	5	4	1	-2.8578513722502557
5	0	4	1	2.8578513722502557
0	5	1	5	-0.11733373847053444
5	0	1	5	0.11733373847053444
0	5	5	1	0.11733373847053444
5	0	5	1	-0.11733373847053444
0	5	1	6	1.3618359328508323
5	0	1	6	-1.3618359328508323
0	5	6	1	-1.3618359328508323
5	0	6	1	1.3618359328508323
0	5	1	7	3.611969627036098
5	0	1	7	-3.611969627036098
0	5	7	1	-3.611969627036098
5	0	7	1	3.611969627036098
0	5	2	3	10.509295955416817
5	0	2	3	-10.509295955416817
0	5	3	2	-10.509295955416817
5	0	3	2	10.509295955416817
0	5	2	4	-0.18651549490643238
5	0	2	4	0.18651549490643238
0	5	4	2	0.18651549490643238
5	0	4	2	-0.18651549490643238
0	5	2	5	-0.09366924961105227
5	0	2	5	0.09366924961105227
0	5	5	2	0.09366924961105227
5	0	5	2	-0.09366924961105227
0	5	2	6	3.0045115259799933
5	0	2	6	-3.0045115259799933
0	5	6	2	-3.0045115259799933
5	0	6	2	3.0045115259799933
0	5	2	7	7.964046299249804
5	0	2	7	-7.964046299249804
0	5	7	2	-7.964046299249804
5	0	7	2	7.964046299249804
0	5	3	4	-0.1382530873608805
5	0	3	4	0.1382530873608805
0	5	4	3	0.1382530873608805
5	0	4	3	-0.1382530873608805
0	5	3	5	0.18122242238836586
5	0	3	5	-0.18122242238836586
0	5	5	3	-0.18122242238836586
5	0	5	3	0.18122242238836586
0	5	3	6	8.794215136581883
5	0	3	6	-8.794215136581883
0	5	6	3	-8.794215136581883
5	0	6	3	8.794215136581883
0	5	3	7	0.1562605599651153
5	0	3	7	-0.1562605599651153
0	5	7	3	-0.1562605599651153
5	0	7	3	0.1562605599651153
0	5	4	5	-0.14353636386699867
5	0	4	5	0.14353636386699867
0	5	5	4	0.14353636386699867
5	0	5	4	-0.14353636386699867
0	5	4	6	-0.16476726758440624
5	0	4	6	0.16476726758440624
0	5	6	4	0.16476726758440624
5	0	6	4	-0.16476726758440624
0	5	4	7	-0.14271560620197327
5	0	4	7	0.14271560620197327
0	5	7	4	0.14271560620197327
5	0	7	4	-0.14271560620197327
0	5	5	6	-0.1424674241813658
5	0	5	6	0.1424674241813658
0	5	6	5	0.1424674241813658
5	0	6	5	-0.1424674241813658
0	5	5	7	-0.1418245145735463
5	0	5	7	0.1418245145735463
0	5	7	5	0.1418245145735463
5	0	7	5	-0.1418245145735463
0	5	6	7	4.229155534606781
5	0	6	7	-4.229155534606781
0	5	7	6	-4.229155534606781
5	0	7	6	4.229155534606781
0	6	0	1	3.781150375684795
6	0	0	1	-3.781150375684795
0	6	1	0	-3.781150375684795
6	0	1	0	3.781150375684795
0	6	0	2	4.829095614786286
6	0	0	2	-4.829095614786286
0	6	2	0	-4.829095614786286
6	0	2	0	4.829095614786286
0	6	0	3	4.8507964067736085
6	0	0	3	-4.8507964067736085
0	6	3	0	-4.8507964067736085
6	0	3	0	4.8507964067736085
0	6	0	4	5.063623997385147
6	0	0	4	-5.063623997385147
0	6	4	0	-5.063623997385147
6	0	4	0	5.063623997385147
0	6	0	5	5.981651410634554
6	0	0	5	-5.981651410634554
0	6	5	0	-5.981651410634554
6	0	5	0	5.981651410634554
0	6	0	6	2.3454074467096
6	0	0	6	-2.3454074467096
0	6	6	0	-2.3454074467096
6	0	6	0	2.3454074467096
0	6	0	7	3.6488855657851644
6	0	0	7	-3.6488855657851644
0	6	7	0	-3.6488855657851644
6	0	7	0	3.6488855657851644
0	6	1	2	0.47256895221437656
6	0	1	2	-0.47256895221437656
0	6	2	1	-0.47256895221437656
6	0	2	1	0.47256895221437656
0	6	1	3	1.2466336948617076
6	0	1	3	-1.2466336948617076
0	6	3	1	-1.2466336948617076
6	0	3	1	1.2466336948617076
0	6	1	4	2.226283400290247
6	0	1	4	-2.226283400290247
0	6	4	1	-2.226283400290247
6	0	4	1	2.226283400290247
0	6	1	5	0.21147625380619595
6	0	1	5	-0.21147625380619595
0	6	5	1	-0.21147625380619595
6	0	5	1	0.21147625380619595
0	6	1	6	1.4407829921944368
6	0	1	6	-1.4407829921944368
0	6	6	1	-1.4407829921944368
6	0	6	1	1.4407829921944368
0	6	1	7	4.472666922345009
6	0	1	7	-4.472666922345009
0	6	7	1	-4.472666922345009
6	0	7	1	4.472666922345009
0	6	2	3	7.304843421621068
6	0	2	3	-7.304843421621068
0	6	3	2	-7.304843421621068
6	0	3	2	7.304843421621068
0	6	2	4	0.049799464273587404
6	0	2	4	-0.049799464273587404
0	6	4	2	-0.049799464273587404
6	0	4	2	0.049799464273587404
0	6	2	5	0.19546183140311227
6	0	2	5	-0.19546183140311227
0	6	5	2	-0.19546183140311227
6	0	5	2	0.19546183140311227
0	6	2	6	3.2402157600368655
6	0	2	6	-3.2402157600368655
0	6	6	2	-3.2402157600368655
6	0	6	2	3.2402157600368655
0	6	2	7	9.91977659968649
6	0	2	7	-9.91977659968649
0	6	7	2	-9.91977659968649
6	0	7	2	9.91977659968649
0	6	3	4	-0.1649500218531328
6	0	3	4	0.1649500218531328
0	6	4	3	0.1649500218531328
6	0	4	3	-0.1649500218531328
0	6	3	5	0.1847559390035983
6	0	3	5	-0.1847559390035983
0	6	5	3	-0.1847559390035983
6	0	5	3	0.1847559390035983
0	6	3	6	9.046651314913962
6	0	3	6	-9.046651314913962
0	6	6	3	-9.046651314913962
6	0	6	3	9.046651314913962
0	6	3	7	0.10665304630202883
6	0	3	7	-0.10665304630202883
0	6	7	3	-0.10665304630202883
6	0	7	3	0.10665304630202883
0	6	4	5	0.1276771023337203
6	0	4	5	-0.1276771023337203
0	6	5	4	-0.1276771023337203
6	0	5	4	0.1276771023337203
0	6	4	6	0.045620028196924005
6	0	4	6	-0.045620028196924005
0	6	6	4	-0.045620028196924005
6	0	6	4	0.045620028196924005
0	6	4	7	0.1641889457873827
6	0	4	7	-0.1641889457873827
0	6	7	4	-0.1641889457873827
6	0	7	4	0.1641889457873827
0	6	5	6	0.03961590647666263
6	0	5	6	-0.03961590647666263
0	6	6	5	-0.03961590647666263
6	0	6	5	0.03961590647666263
0	6	5	7	0.008674179790299165
6	0	5	7	-0.008674179790299165
0	6	7	5	-0.008674179790299165
6	0	7	5	0.008674179790299165
0	6	6	7	4.102983142022756
6	0	6	7	-4.102983142022756
0	6	7	6	-4.102983142022756
6	0	7	6	4.102983142022756
0	7	0	1	4.030523640018477
7	0	0	1	-4.030523640018477
0	7	1	0	-4.030523640018477
7	0	1	0	4.030523640018477
0	7	0	2	3.596056438597409
7	0	0	2	-3.596056438597409
0	7	2	0	-3.596056438597409
7	0	2	0	3.596056438597409
0	7	0	3	5.706176004108726
7	0	0	3	-5.706176004108726
0	7	3	0	-5.706176004108726
7	0	3	0	5.706176004108726
0	7	0	4	5.878353193920453
7	0	0	4	-5.878353193920453
0	7	4	0	-5.878353193920453
7	0	4	0	5.878353193920453
0	7	0	5	4.398650286612743
7	0	0	5	-4.398650286612743
0	7	5	0	-4.398650286612743
7	0	5	0	4.398650286612743
0	7	0	6	2.565322415298083
7	0	0	6	-2.565322415298083
0	7	6	0	-2.565322415298083
7	0	6	0	2.565322415298083
0	7	0	7	3.3761825630273554
7	0	0	7	-3.3761825630273554
0	7	7	0	-3.3761825630273554
7	0	7	0	3.3761825630273554
0	7	1	2	0.5861329072713128
7	0	1	2	-0.5861329072713128
0	7	2	1	-0.5861329072713128
7	0	2	1	0.5861329072713128
0	7	1	3	1.3014354739581688
7	0	1	3	-1.3014354739581688
0	7	3	1	-1.3014354739581688
7	0	3	1	1.3014354739581688
0	7	1	4	2.018096160430176
7	0	1	4	-2.018096160430176
0	7	4	1	-2.018096160430176
7	0	4	1	2.018096160430176
0	7	1	5	0.01933197640963631
7	0	1	5	-0.01933197640963631
0	7	5	1	-0.01933197640963631
7	0	5	1	0.01933197640963631
0	7	1	6	1.5773611755874053
7	0	1	6	-1.5773611755874053
0	7	6	1	-1.5773611755874053
7	0	6	1	1.5773611755874053
0	7	1	7	4.157238602576421
7	0	1	7	-4.157238602576421
0	7	7	1	-4.157238602576421
7	0	7	1	4.157238602576421
0	7	2	3	6.801156794657129
7	0	2	3	-6.801156794657129
0	7	3	2	-6.801156794657129
7	0	3	2	6.801156794657129
0	7	2	4	-0.018612374261183333
7	0	2	4	0.018612374261183333
0	7	4	2	0.018612374261183333
7	0	4	2	-0.018612374261183333
0	7	2	5	0.1644963298678049
7	0	2	5	-0.1644963298678049
0	7	5	2	-0.1644963298678049
7	0	5	2	0.1644963298678049
0	7	2	6	3.070566035838188
7	0	2	6	-3.070566035838188
0	7	6	2	-3.070566035838188
7	0	6	2	3.070566035838188
0	7	2	7	8.018310255698363
7	0	2	7	-8.018310255698363
0	7	7	2	-8.018310255698363
7	0	7	2	8.018310255698363
0	7	3	4	-0.05311529055920917
7	0	3	4	0.05311529055920917
0	7	4	3	0.05311529055920917
7	0	4	3	-0.05311529055920917
0	7	3	5	-0.019561022321058427
7	0	3	5	0.019561022321058427
0	7	5	3	0.019561022321058427
7	0	5	3	-0.019561022321058427
0	7	3	6	6.319982330022227
7	0	3	6	-6.319982330022227
0	7	6	3	-6.319982330022227
7	0	6	3	6.319982330022227
0	7	3	7	0.03697923799095817
7	0	3	7	-0.03697923799095817
0	7	7	3	-0.03697923799095817
7	0	7	3	0.03697923799095817
0	7	4	5	0.07441410056708604
7	0	4	5	-0.07441410056708604
0	7	5	4	-0.07441410056708604
7	0	5	4	0.07441410056708604
0	7	4	6	-0.03432880254059108
7	0	4	6	0.03432880254059108
0	7	6	4	0.03432880254059108
7	0	6	4	-0.03432880254059108
0	7	4	7	0.008444510601338207
7	0	4	7	-0.008444510601338207
0	7	7	4	-0.008444510601338207
7	0	7	4	0.008444510601338207
0	7	5	6	0.12258605816222226
7	0	5	6	-0.12258605816222226
0	7	6	5	-0.12258605816222226
7	0	6	5	0.12258605816222226
0	7	5	7	0.06520518874905076
7	0	5	7	-0.06520518874905076
0	7	7	5	-0.06520518874905076
7	0	7	5	0.06520518874905076
0	7	6	7	3.5751326622057102
7	0	6	7	-3.5751326622057102
0	7	7	6	-3.5751326622057102
7	0	7	6	3.5751326622057102
1	2	0	1	4.918629736177764
2	1	0	1	-4.918629736177764
1	2	1	0	-4.918629736177764
2	1	1	0	4.918629736177764
1	2	0	2	8.662542511095431
2	1	0	2	-8.662542511095431
1	2	2	0	-8.662542511095431
2	1	2	0	8.662542511095431
1	2	0	3	7.578797915606763
2	1	0	3	-7.578797915606763
1	2	3	0	-7.578797915606763
2	1	3	0	7.578797915606763
1	2	0	4	6.3352716412270045
2	1	0	4	-6.3352716412270045
1	2	4	0	-6.3352716412270045
2	1	4	0	6.3352716412270045
1	2	0	5	9.551281277539065
2	1	0	5	-9.551281277539065
1	2	5	0	-9.551281277539065
2	1	5	0	9.551281277539065
1	2	0	6	3.086476732964693
2	1	0	6	-3.086476732964693
1	2	6	0	-3.086476732964693
2	1	6	0	3.086476732964693
1	2	0	7	2.76499908459288
2	1	0	7	-2.76499908459288
1	2	7	0	-2.76499908459288
2	1	7	0	2.76499908459288
1	2	1	2	0.7717822007500357
2	1	1	2	-0.7717822007500357
1	2	2	1	-0.7717822007500357
2	1	2	1	0.7717822007500357
1	2	1	3	1.9690095491637452
2	1	1	3	-1.9690095491637452
1	2	3	1	-1.9690095491637452
2	1	3	1	1.9690095491637452
1	2	1	4	2.9633712354289914
2	1	1	4	-2.9633712354289914
1	2	4	1	-2.9633712354289914
2	1	4	1	2.9633712354289914
1	2	1	5	0.016918892328000527
2	1	1	5	-0.016918892328000527
1	2	5	1	-0.016918892328000527
2	1	5	1	0.016918892328000527
1	2	1	6	1.311513270334326
2	1	1	6	-1.311513270334326
1	2	6	1	-1.311513270334326
2	1	6	1	1.311513270334326
1	2	1	7	4.150863365982883
2	1	1	7	-4.150863365982883
1	2	7	1	-4.150863365982883
2	1	7	1	4.150863365982883
1	2	2	3	8.802551250492122
2	1	2	3	-8.802551250492122
1	2	3	2	-8.802551250492122
2	1	3	2	8.802551250492122
1	2	2	4	-0.14852565152953634
2	1	2	4	0.14852565152953634
1	2	4	2	0.14852565152953634
2	1	4	2	-0.14852565152953634
1	2	2	5	-0.14789181281486966
2	1	2	5	0.14789181281486966
1	2	5	2	0.14789181281486966
2	1	5	2	-0.14789181281486966
1	2	2	6	2.76887157825244
2	1	2	6	-2.76887157825244
1	2	6	2	-2.76887157825244
2	1	6	2	2.76887157825244
1	2	2	7	8.746994303094509
2	1	2	7	-8.746994303094509
1	2	7	2	-8.746994303094509
2	1	7	2	8.746994303094509
1	2	3	4	0.0
2	1	3	4	-0.0
1	2	4	3	-0.0
2	1	4	3	0.0
1	2	3	5	0.0
2	1	3	5	-0.0
1	2	5	3	-0.0
2	1	5	3	0.0
1	2	3	6	7.685120217046105
2	1	3	6	-7.685120217046105
1	2	6	3	-7.685120217046105
2	1	6	3	7.685120217046105
1	2	3	7	0.0
2	1	3	7	-0.0
1	2	7	3	-0.0
2	1	7	3	0.0
1	2	4	5	0.0
2	1	4	5	-0.0
1	2	5	4	-0.0
2	1	5	4	0.0
1	2	4	6	0.0
2	1	4	6	-0.0
1	2	6	4	-0.0
2	1	6	4	0.0
1	2	4	7	0.0
2	1	4	7	-0.0
1	2	7	4	-0.0
2	1	7	4	0.0
1	2	5	6	0.0
2	1	5	6	-0.0
1	2	6	5	-0.0
2	1	6	5	0.0
1	2	5	7	0.0
2	1	5	7	-0.0
1	2	7	5	-0.0
2	1	7	5	0.0
1	2	6	7	3.900387127398182
2	1	6	7	-3.900387127398182
1	2	7	6	-3.900387127398182
2	1	7	6	3.900387127398182
1	3	0	1	6.614546238410007
3	1	0	1	-6.614546238410007
1	3	1	0	-6.614546238410007
3	1	1	0	6.614546238410007
1	3	0	2	6.321140479111995
3	1	0	2	-6.321140479111995
1	3	2	0	-6.321140479111995
3	1	2	0	6.321140479111995
1	3	0	3	8.784390407708528
3	1	0	3	-8.784390407708528
1	3	3	0	-8.784390407708528
3	1	3	0	8.784390407708528
1	3	0	4	8.61176247991112
3	1	0	4	-8.61176247991112
1	3	4	0	-8.61176247991112
3	1	4	0	8.61176247991112
1	3	0	5	7.7443816960642105
3	1	0	5	-7.7443816960642105
1	3	5	0	-7.7443816960642105
3	1	5	0	7.7443816960642105
1	3	0	6	2.750282151178636
3	1	0	6	-2.750282151178636
1	3	6	0	-2.750282151178636
3	1	6	0	2.750282151178636
1	3	0	7	3.1499284304151507
3	1	0	7	-3.1499284304151507
1	3	7	0	-3.1499284304151507
3	1	7	0	3.1499284304151507
1	3	1	2	0.7750279045777173
3	1	1	2	-0.7750279045777173
1	3	2	1	-0.7750279045777173
3	1	2	1	0.7750279045777173
1	3	1	3	1.748692351248246
3	1	1	3	-1.748692351248246
1	3	3	1	-1.748692351248246
3	1	3	1	1.748692351248246
1	3	1	4	2.7163944236508146
3	1	1	4	-2.7163944236508146
1	3	4	1	-2.7163944236508146
3	1	4	1	2.7163944236508146
1	3	1	5	0.14024826648843897
3	1	1	5	-0.14024826648843897
1	3	5	1	-0.14024826648843897
3	1	5	1	0.14024826648843897
1	3	1	6	1.5779707219947132
3	1	1	6	-1.5779707219947132
1	3	6	1	-1.5779707219947132
3	1	6	1	1.5779707219947132
1	3	1	7	3.8804386521530683
3	1	1	7	-3.8804386521530683
1	3	7	1	-3.8804386521530683
3	1	7	1	3.8804386521530683
1	3	2	3	9.91733229504126
3	1	2	3	-9.91733229504126
1	3	3	2	-9.91733229504126
3	1	3	2	9.91733229504126
1	3	2	4	-0.1632528409785497
3	1	2	4	0.1632528409785497
1	3	4	2	0.1632528409785497
3	1	4	2	-0.1632528409785497
1	3	2	5	-0.14407459982950083
3	1	2	5	0.14407459982950083
1	3	5	2	0.14407459982950083
3	1	5	2	-0.14407459982950083
1	3	2	6	3.1770029275581626
3	1	2	6	-3.1770029275581626
1	3	6	2	-3.1770029275581626
3	1	6	2	3.1770029275581626
1	3	2	7	6.587162549505111
3	1	2	7	-6.587162549505111
1	3	7	2	-6.587162549505111
3	1	7	2	6.587162549505111
1	3	3	4	-0.1612871853221841
3	1	3	4	0.1612871853221841
1	3	4	3	0.1612871853221841
3	1	4	3	-0.1612871853221841
1	3	3	5	-0.2567380124814301
3	1	3	5	0.2567380124814301
1	3	5	3	0.2567380124814301
3	1	5	3	-0.2567380124814301
1	3	3	6	6.861544835402134
3	1	3	6	-6.861544835402134
1	3	6	3	-6.861544835402134
3	1	6	3	6.861544835402134
1	3	3	7	0.18604410011412062
3	1	3	7	-0.18604410011412062
1	3	7	3	-0.18604410011412062
3	1	7	3	0.18604410011412062
1	3	4	5	0.0
3	1	4	5	-0.0
1	3	5	4	-0.0
3	1	5	4	0.0
1	3	4	6	0.0
3	1	4	6	-0.0
1	3	6	4	-0.0
3	1	6	4	0.0
1	3	4	7	0.0
3	1	4	7	-0.0
1	3	7	4	-0.0
3	1	7	4	0.0
1	3	5	6	0.0
3	1	5	6	-0.0
1	3	6	5	-0.0
3	1	6	5	0.0
1	3	5	7	0.0
3	1	5	7	-0.0
1	3	7	5	-0.0
3	1	7	5	0.0
1	3	6	7	3.718418779166674
3	1	6	7	-3.718418779166674
1	3	7	6	-3.718418779166674
3	1	7	6	3.718418779166674
1	4	0	1	6.916448937383339
4	1	0	1	-6.916448937383339
1	4	1	0	-6.916448937383339
4	1	1	0	6.916448937383339
1	4	0	2	7.529194490986055
4	1	0	2	-7.529194490986055
1	4	2	0	-7.529194490986055
4	1	2	0	7.529194490986055
1	4	0	3	8.056891144786501
4	1	0	3	-8.056891144786501
1	4	3	0	-8.056891144786501
4	1	3	0	8.056891144786501
1	4	0	4	7.149086997868967
4	1	0	4	-7.149086997868967
1	4	4	0	-7.149086997868967
4	1	4	0	7.149086997868967
1	4	0	5	8.355103971107459
4	1	0	5	-8.355103971107459
1	4	5	0	-8.355103971107459
4	1	5	0	8.355103971107459
1	4	0	6	2.803843938846393
4	1	0	6	-2.803843938846393
1	4	6	0	-2.803843938846393
4	1	6	0	2.803843938846393
1	4	0	7	3.521426293750792
4	1	0	7	-3.521426293750792
1	4	7	0	-3.521426293750792
4	1	7	0	3.521426293750792
1	4	1	2	0.7852616735110346
4	1	1	2	-0.7852616735110346
1	4	2	1	-0.7852616735110346
4	1	2	1	0.7852616735110346
1	4	1	3	1.5023546463357407
4	1	1	3	-1.5023546463357407
1	4	3	1	-1.5023546463357407
4	1	3	1	1.5023546463357407
1	4	1	4	3.079143031070445
4	1	1	4	-3.079143031070445
1	4	4	1	-3.079143031070445
4	1	4	1	3.079143031070445
1	4	1	5	0.005287556022441448
4	1	1	5	-0.005287556022441448
1	4	5	1	-0.005287556022441448
4	1	5	1	0.005287556022441448
1	4	1	6	1.479237480726549
4	1	1	6	-1.479237480726549
1	4	6	1	-1.479237480726549
4	1	6	1	1.479237480726549
1	4	1	7	4.392167893109928
4	1	1	7	-4.392167893109928
1	4	7	1	-4.392167893109928
4	1	7	1	4.392167893109928
1	4	2	3	10.292735283720695
4	1	2	3	-10.292735283720695
1	4	3	2	-10.292735283720695
4	1	3	2	10.292735283720695
1	4	2	4	-0.051109283862126535
4	1	2	4	0.051109283862126535
1	4	4	2	0.051109283862126535
4	1	4	2	-0.051109283862126535
1	4	2	5	-0.011581709060961592
4	1	2	5	0.011581709060961592
1	4	5	2	0.011581709060961592
4	1	5	2	-0.011581709060961592
1	4	2	6	2.9375728491198037
4	1	2	6	-2.9375728491198037
1	4	6	2	-2.9375728491198037
4	1	6	2	2.9375728491198037
1	4	2	7	7.508361710278342
4	1	2	7	-7.508361710278342
1	4	7	2	-7.508361710278342
4	1	7	2	7.508361710278342
1	4	3	4	-0.01787921170537382
4	1	3	4	0.01787921170537382
1	4	4	3	0.01787921170537382
4	1	4	3	-0.01787921170537382
1	4	3	5	0.014190791624789074
4	1	3	5	-0.014190791624789074
1	4	5	3	-0.014190791624789074
4	1	5	3	0.014190791624789074
1	4	3	6	6.454224198629325
4	1	3	6	-6.454224198629325
1	4	6	3	-6.454224198629325
4	1	6	3	6.454224198629325
1	4	3	7	0.037997110815191
4	1	3	7	-0.037997110815191
1	4	7	3	-0.037997110815191
4	1	7	3	0.037997110815191
1	4	4	5	-0.14305293406107425
4	1	4	5	0.14305293406107425
1	4	5	4	0.14305293406107425
4	1	5	4	-0.14305293406107425
1	4	4	6	0.18358483912150103
4	1	4	6	-0.18358483912150103
1	4	6	4	-0.18358483912150103
4	1	6	4	0.18358483912150103
1	4	4	7	0.21971103305220765
4	1	4	7	-0.21971103305220765
1	4	7	4	-0.21971103305220765
4	1	7	4	0.21971103305220765
1	4	5	6	0.0
4	1	5	6	-0.0
1	4	6	5	-0.0
4	1	6	5	0.0
1	4	5	7	0.0
4	1	5	7	-0.0
1	4	7	5	-0.0
4	1	7	5	0.0
1	4	6	7	3.5568849038775294
4	1	6	7	-3.5568849038775294
1	4	7	6	-3.5568849038775294
4	1	7	6	3.5568849038775294
1	5	0	1	4.895647640660266
5	1	0	1	-4.895647640660266
1	5	1	0	-4.895647640660266
5	1	1	0	4.895647640660266
1	5	0	2	5.320855234523404
5	1	0	2	-5.320855234523404
1	5	2	0	-5.320855234523404
5	1	2	0	5.320855234523404
1	5	0	3	6.540278081158457
5	1	0	3	-6.540278081158457
1	5	3	0	-6.540278081158457
5	1	3	0	6.540278081158457
1	5	0	4	8.496956503252623
5	1	0	4	-8.496956503252623
1	5	4	0	-8.496956503252623
5	1	4	0	8.496956503252623
1	5	0	5	8.850375058282577
5	1	0	5	-8.850375058282577
1	5	5	0	-8.850375058282577
5	1	5	0	8.850375058282577
1	5	0	6	2.770486477513193
5	1	0	6	-2.770486477513193
1	5	6	0	-2.770486477513193
5	1	6	0	2.770486477513193
1	5	0	7	3.9912434318521943
5	1	0	7	-3.9912434318521943
1	5	7	0	-3.9912434318521943
5	1	7	0	3.9912434318521943
1	5	1	2	0.7191395882575069
5	1	1	2	-0.7191395882575069
1	5	2	1	-0.7191395882575069
5	1	2	1	0.7191395882575069
1	5	1	3	1.4241814076574897
5	1	1	3	-1.4241814076574897
1	5	3	1	-1.4241814076574897
5	1	3	1	1.4241814076574897
1	5	1	4	3.182368885846325
5	1	1	4	-3.182368885846325
1	5	4	1	-3.182368885846325
5	1	4	1	3.182368885846325
1	5	1	5	0.009148941904690185
5	1	1	5	-0.009148941904690185
1	5	5	1	-0.009148941904690185
5	1	5	1	0.009148941904690185
1	5	1	6	1.2641603263382661
5	1	1	6	-1.2641603263382661
1	5	6	1	-1.2641603263382661
5	1	6	1	1.2641603263382661
1	5	1	7	3.5562683669348223
5	1	1	7	-3.5562683669348223
1	5	7	1	-3.5562683669348223
5	1	7	1	3.5562683669348223
1	5	2	3	11.096837734282065
5	1	2	3	-11.096837734282065
1	5	3	2	-11.096837734282065
5	1	3	2	11.096837734282065
1	5	2	4	0.19061940965184762
5	1	2	4	-0.19061940965184762
1	5	4	2	-0.19061940965184762
5	1	4	2	0.19061940965184762
1	5	2	5	0.18050838533066416
5	1	2	5	-0.18050838533066416
1	5	5	2	-0.18050838533066416
5	1	5	2	0.18050838533066416
1	5	2	6	2.350469208830674
5	1	2	6	-2.350469208830674
1	5	6	2	-2.350469208830674
5	1	6	2	2.350469208830674
1	5	2	7	8.33725101202613
5	1	2	7	-8.33725101202613
1	5	7	2	-8.33725101202613
5	1	7	2	8.33725101202613
1	5	3	4	0.18552898198816242
5	1	3	4	-0.18552898198816242
1	5	4	3	-0.18552898198816242
5	1	4	3	0.18552898198816242
1	5	3	5	0.04760504864487164
5	1	3	5	-0.04760504864487164
1	5	5	3	-0.04760504864487164
5	1	5	3	0.04760504864487164
1	5	3	6	9.015563119601051
5	1	3	6	-9.015563119601051
1	5	6	3	-9.015563119601051
5	1	6	3	9.015563119601051
1	5	3	7	-0.14907962490707152
5	1	3	7	0.14907962490707152
1	5	7	3	0.14907962490707152
5	1	7	3	-0.14907962490707152
1	5	4	5	0.06757088198008912
5	1	4	5	-0.06757088198008912
1	5	5	4	-0.06757088198008912
5	1	5	4	0.06757088198008912
1	5	4	6	0.15192306760816618
5	1	4	6	-0.15192306760816618
1	5	6	4	-0.15192306760816618
5	1	6	4	0.15192306760816618
1	5	4	7	0.15652670787387046
5	1	4	7	-0.15652670787387046
1	5	7	4	-0.15652670787387046
5	1	7	4	0.15652670787387046
1	5	5	6	0.1956750587728335
5	1	5	6	-0.1956750587728335
1	5	6	5	-0.1956750587728335
5	1	6	5	0.1956750587728335
1	5	5	7	0.188515455607222
5	1	5	7	-0.188515455607222
1	5	7	5	-0.188515455607222
5	1	7	5	0.188515455607222
1	5	6	7	4.686709093656016
5	1	6	7	-4.686709093656016
1	5	7	6	-4.686709093656016
5	1	7	6	4.686709093656016
1	6	0	1	3.9359214792636745
6	1	0	1	-3.9359214792636745
1	6	1	0	-3.9359214792636745
6	1	1	0	3.9359214792636745
1	6	0	2	5.304127741451707
6	1	0	2	-5.304127741451707
1	6	2	0	-5.304127741451707
6	1	2	0	5.304127741451707
1	6	0	3	6.060200175245934
6	1	0	3	-6.060200175245934
1	6	3	0	-6.060200175245934
6	1	3	0	6.060200175245934
1	6	0	4	5.654351170525414
6	1	0	4	-5.654351170525414
1	6	4	0	-5.654351170525414
6	1	4	0	5.654351170525414
1	6	0	5	5.521667337046618
6	1	0	5	-5.521667337046618
1	6	5	0	-5.521667337046618
6	1	5	0	5.521667337046618
1	6	0	6	2.7306320635595283
6	1	0	6	-2.7306320635595283
1	6	6	0	-2.7306320635595283
6	1	6	0	2.7306320635595283
1	6	0	7	3.2507014179665408
6	1	0	7	-3.2507014179665408
1	6	7	0	-3.2507014179665408
6	1	7	0	3.2507014179665408
1	6	1	2	0.8310255445072836
6	1	1	2	-0.8310255445072836
1	6	2	1	-0.8310255445072836
6	1	2	1	0.8310255445072836
1	6	1	3	0.9525046438889142
6	1	1	3	-0.9525046438889142
1	6	3	1	-0.9525046438889142
6	1	3	1	0.9525046438889142
1	6	1	4	2.176318958798298
6	1	1	4	-2.176318958798298
1	6	4	1	-2.176318958798298
6	1	4	1	2.176318958798298
1	6	1	5	-0.10293407578091564
6	1	1	5	0.10293407578091564
1	6	5	1	0.10293407578091564
6	1	5	1	-0.10293407578091564
1	6	1	6	1.2461544159411029
6	1	1	6	-1.2461544159411029
1	6	6	1	-1.2461544159411029
6	1	6	1	1.2461544159411029
1	6	1	7	3.021732983755415
6	1	1	7	-3.021732983755415
1	6	7	1	-3.021732983755415
6	1	7	1	3.021732983755415
1	6	2	3	6.272972419672577
6	1	2	3	-6.272972419672577
1	6	3	2	-6.272972419672577
6	1	3	2	6.272972419672577
1	6	2	4	0.08471499331588381
6	1	2	4	-0.08471499331588381
1	6	4	2	-0.08471499331588381
6	1	4	2	0.08471499331588381
1	6	2	5	0.02290074309497743
6	1	2	5	-0.02290074309497743
1	6	5	2	-0.02290074309497743
6	1	5	2	0.02290074309497743
1	6	2	6	2.85776203295706
6	1	2	6	-2.85776203295706
1	6	6	2	-2.85776203295706
6	1	6	2	2.85776203295706
1	6	2	7	8.158178196251818
6	1	2	7	-8.158178196251818
1	6	7	2	-8.158178196251818
6	1	7	2	8.158178196251818
1	6	3	4	0.15580288972609146
6	1	3	4	-0.15580288972609146
1	6	4	3	-0.15580288972609146
6	1	4	3	0.15580288972609146
1	6	3	5	0.16934995087712396
6	1	3	5	-0.16934995087712396
1	6	5	3	-0.16934995087712396
6	1	5	3	0.16934995087712396
1	6	3	6	7.058634317348051
6	1	3	6	-7.058634317348051
1	6	6	3	-7.058634317348051
6	1	6	3	7.058634317348051
1	6	3	7	-0.2680868355305208
6	1	3	7	0.2680868355305208
1	6	7	3	0.2680868355305208
6	1	7	3	-0.2680868355305208
1	6	4	5	0.08050008230641284
6	1	4	5	-0.08050008230641284
1	6	5	4	-0.08050008230641284
6	1	5	4	0.08050008230641284
1	6	4	6	-0.053658068331137725
6	1	4	6	0.053658068331137725
1	6	6	4	0.053658068331137725
6	1	6	4	-0.053658068331137725
1	6	4	7	-0.20417183098280361
6	1	4	7	0.20417183098280361
1	6	7	4	0.20417183098280361
6	1	7	4	-0.20417183098280361
1	6	5	6	-0.042848054333893146
6	1	5	6	0.042848054333893146
1	6	6	5	0.042848054333893146
6	1	6	5	-0.042848054333893146
1	6	5	7	-0.10173935210403798
6	1	5	7	0.10173935210403798
1	6	7	5	0.10173935210403798
6	1	7	5	-0.10173935210403798
1	6	6	7	4.486714973590425
6	1	6	7	-4.486714973590425
1	6	7	6	-4.486714973590425
6	1	7	6	4.486714973590425
1	7	0	1	3.021754459182195
7	1	0	1	-3.021754459182195
1	7	1	0	-3.021754459182195
7	1	1	0	3.021754459182195
1	7	0	2	4.525978932868262
7	1	0	2	-4.525978932868262
1	7	2	0	-4.525978932868262
7	1	2	0	4.525978932868262
1	7	0	3	5.453822387211332
7	1	0	3	-5.453822387211332
1	7	3	0	-5.453822387211332
7	1	3	0	5.453822387211332
1	7	0	4	4.576593180165838
7	1	0	4	-4.576593180165838
1	7	4	0	-4.576593180165838
7	1	4	0	4.576593180165838
1	7	0	5	5.970117704295847
7	1	0	5	-5.970117704295847
1	7	5	0	-5.970117704295847
7	1	5	0	5.970117704295847
1	7	0	6	2.5254934940351754
7	1	0	6	-2.5254934940351754
1	7	6	0	-2.5254934940351754
7	1	6	0	2.5254934940351754
1	7	0	7	4.11348157045167
7	1	0	7	-4.11348157045167
1	7	7	0	-4.11348157045167
7	1	7	0	4.11348157045167
1	7	1	2	0.4410079222121615
7	1	1	2	-0.4410079222121615
1	7	2	1	-0.4410079222121615
7	1	2	1	0.4410079222121615
1	7	1	3	0.785803911623941
7	1	1	3	-0.785803911623941
1	7	3	1	-0.785803911623941
7	1	3	1	0.785803911623941
1	7	1	4	2.1947754598091818
7	1	1	4	-2.1947754598091818
1	7	4	1	-2.1947754598091818
7	1	4	1	2.1947754598091818
1	7	1	5	-0.1952241020179828
7	1	1	5	0.1952241020179828
1	7	5	1	0.1952241020179828
7	1	5	1	-0.1952241020179828
1	7	1	6	1.5129976780070347
7	1	1	6	-1.5129976780070347
1	7	6	1	-1.5129976780070347
7	1	6	1	1.5129976780070347
1	7	1	7	4.35784080987298
7	1	1	7	-4.35784080987298
1	7	7	1	-4.35784080987298
7	1	7	1	4.35784080987298
1	7	2	3	7.747592962818433
7	1	2	3	-7.747592962818433
1	7	3	2	-7.747592962818433
7	1	3	2	7.747592962818433
1	7	2	4	0.03378957875299344
7	1	2	4	-0.03378957875299344
1	7	4	2	-0.03378957875299344
7	1	4	2	0.03378957875299344
1	7	2	5	-0.047589951640318644
7	1	2	5	0.047589951640318644
1	7	5	2	0.047589951640318644
7	1	5	2	-0.047589951640318644
1	7	2	6	3.136088544661745
7	1	2	6	-3.136088544661745
1	7	6	2	-3.136088544661745
7	1	6	2	3.136088544661745
1	7	2	7	7.450371118022459
7	1	2	7	-7.450371118022459
1	7	7	2	-7.450371118022459
7	1	7	2	7.450371118022459
1	7	3	4	0.081086714239404
7	1	3	4	-0.081086714239404
1	7	4	3	-0.081086714239404
7	1	4	3	0.081086714239404
1	7	3	5	0.24427485988470368
7	1	3	5	-0.24427485988470368
1	7	5	3	-0.24427485988470368
7	1	5	3	0.24427485988470368
1	7	3	6	5.976597746839595
7	1	3	6	-5.976597746839595
1	7	6	3	-5.976597746839595
7	1	6	3	5.976597746839595
1	7	3	7	0.007052036154205284
7	1	3	7	-0.007052036154205284
1	7	7	3	-0.007052036154205284
7	1	7	3	0.007052036154205284
1	7	4	5	-0.17895488604645465
7	1	4	5	0.17895488604645465
1	7	5	4	0.17895488604645465
7	1	5	4	-0.17895488604645465
1	7	4	6	-0.11230648430905892
7	1	4	6	0.11230648430905892
1	7	6	4	0.11230648430905892
7	1	6	4	-0.11230648430905892
1	7	4	7	-0.21831538666128678
7	1	4	7	0.21831538666128678
1	7	7	4	0.21831538666128678
7	1	7	4	-0.21831538666128678
1	7	5	6	-0.1484053344482797
7	1	5	6	0.1484053344482797
1	7	6	5	0.1484053344482797
7	1	6	5	-0.1484053344482797
1	7	5	7	-0.22865052845688547
7	1	5	7	0.22865052845688547
1	7	7	5	0.22865052845688547
7	1	7	5	-0.22865052845688547
1	7	6	7	3.6317110453567043
7	1	6	7	-3.6317110453567043
1	7	7	6	-3.6317110453567043
7	1	7	6	3.6317110453567043
2	3	0	1	5.768023067509675
3	2	0	1	-5.768023067509675
2	3	1	0	-5.768023067509675
3	2	1	0	5.768023067509675
2	3	0	2	6.579865985706588
3	2	0	2	-6.579865985706588
2	3	2	0	-6.579865985706588
3	2	2	0	6.579865985706588
2	3	0	3	7.763346066922555
3	2	0	3	-7.763346066922555
2	3	3	0	-7.763346066922555
3	2	3	0	7.763346066922555
2	3	0	4	9.611625956496011
3	2	0	4	-9.611625956496011
2	3	4	0	-9.611625956496011
3	2	4	0	9.611625956496011
2	3	0	5	8.506830921666149
3	2	0	5	-8.506830921666149
2	3	5	0	-8.506830921666149
3	2	5	0	8.506830921666149
2	3	0	6	2.157874916534729
3	2	0	6	-2.157874916534729
2	3	6	0	-2.157874916534729
3	2	6	0	2.157874916534729
2	3	0	7	2.63586264537952
3	2	0	7	-2.63586264537952
2	3	7	0	-2.63586264537952
3	2	7	0	2.63586264537952
2	3	1	2	0.6934538516615208
3	2	1	2	-0.6934538516615208
2	3	2	1	-0.6934538516615208
3	2	2	1	0.6934538516615208
2	3	1	3	1.4004837669246373
3	2	1	3	-1.4004837669246373
2	3	3	1	-1.4004837669246373
3	2	3	1	1.4004837669246373
2	3	1	4	2.6437020879761532
3	2	1	4	-2.6437020879761532
2	3	4	1	-2.6437020879761532
3	2	4	1	2.6437020879761532
2	3	1	5	-0.028932715944088236
3	2	1	5	0.028932715944088236
2	3	5	1	0.028932715944088236
3	2	5	1	-0.028932715944088236
2	3	1	6	1.5204663877689266
3	2	1	6	-1.5204663877689266
2	3	6	1	-1.5204663877689266
3	2	6	1	1.5204663877689266
2	3	1	7	4.329678884906965
3	2	1	7	-4.329678884906965
2	3	7	1	-4.329678884906965
3	2	7	1	4.329678884906965
2	3	2	3	11.343507222847665
3	2	2	3	-11.343507222847665
2	3	3	2	-11.343507222847665
3	2	3	2	11.343507222847665
2	3	2	4	-0.14421423802320282
3	2	2	4	0.14421423802320282
2	3	4	2	0.14421423802320282
3	2	4	2	-0.14421423802320282
2	3	2	5	0.07011073596024861
3	2	2	5	-0.07011073596024861
2	3	5	2	-0.07011073596024861
3	2	5	2	0.07011073596024861
2	3	2	6	2.044864299889063
3	2	2	6	-2.044864299889063
2	3	6	2	-2.044864299889063
3	2	6	2	2.044864299889063
2	3	2	7	6.792011262393534
3	2	2	7	-6.792011262393534
2	3	7	2	-6.792011262393534
3	2	7	2	6.792011262393534
2	3	3	4	0.08499926630314043
3	2	3	4	-0.08499926630314043
2	3	4	3	-0.08499926630314043
3	2	4	3	0.08499926630314043
2	3	3	5	0.15920746387322088
3	2	3	5	-0.15920746387322088
2	3	5	3	-0.15920746387322088
3	2	5	3	0.15920746387322088
2	3	3	6	7.944154890515794
3	2	3	6	-7.944154890515794
2	3	6	3	-7.944154890515794
3	2	6	3	7.944154890515794
2	3	3	7	0.18062279100945614
3	2	3	7	-0.18062279100945614
2	3	7	3	-0.18062279100945614
3	2	7	3	0.18062279100945614
2	3	4	5	0.0
3	2	4	5	-0.0
2	3	5	4	-0.0
3	2	5	4	0.0
2	3	4	6	0.0
3	2	4	6	-0.0
2	3	6	4	-0.0
3	2	6	4	0.0
2	3	4	7	0.0
3	2	4	7	-0.0
2	3	7	4	-0.0
3	2	7	4	0.0
2	3	5	6	0.0
3	2	5	6	-0.0
2	3	6	5	-0.0
3	2	6	5	0.0
2	3	5	7	0.0
3	2	5	7	-0.0
2	3	7	5	-0.0
3	2	7	5	0.0
2	3	6	7	3.369939775463102
3	2	6	7	-3.369939775463102
2	3	7	6	-3.369939775463102
3	2	7	6	3.369939775463102
2	4	0	1	5.993397908505487
4	2	0	1	-5.993397908505487
2	4	1	0	-5.993397908505487
4	2	1	0	5.993397908505487
2	4	0	2	5.16642497738771
4	2	0	2	-5.16642497738771
2	4	2	0	-5.16642497738771
4	2	2	0	5.16642497738771
2	4	0	3	7.632639318998874
4	2	0	3	-7.632639318998874
2	4	3	0	-7.632639318998874
4	2	3	0	7.632639318998874
2	4	0	4	7.20414667438506
4	2	0	4	-7.20414667438506
2	4	4	0	-7.20414667438506
4	2	4	0	7.20414667438506
2	4	0	5	8.484720501267677
4	2	0	5	-8.484720501267677
2	4	5	0	-8.484720501267677
4	2	5	0	8.484720501267677
2	4	0	6	2.530205394461771
4	2	0	6	-2.530205394461771
2	4	6	0	-2.530205394461771
4	2	6	0	2.530205394461771
2	4	0	7	3.4053082689461736
4	2	0	7	-3.4053082689461736
2	4	7	0	-3.4053082689461736
4	2	7	0	3.4053082689461736
2	4	1	2	1.0370229984027974
4	2	1	2	-1.0370229984027974
2	4	2	1	-1.0370229984027974
4	2	2	1	1.0370229984027974
2	4	1	3	1.4253845712503304
4	2	1	3	-1.4253845712503304
2	4	3	1	-1.4253845712503304
4	2	3	1	1.4253845712503304
2	4	1	4	3.1982248331823375
4	2	1	4	-3.1982248331823375
2	4	4	1	-3.1982248331823375
4	2	4	1	3.1982248331823375
2	4	1	5	0.1759537643162265
4	2	1	5	-0.1759537643162265
2	4	5	1	-0.1759537643162265
4	2	5	1	0.1759537643162265
2	4	1	6	1.3391434072098365
4	2	1	6	-1.3391434072098365
2	4	6	1	-1.3391434072098365
4	2	6	1	1.3391434072098365
2	4	1	7	4.166510982759923
4	2	1	7	-4.166510982759923
2	4	7	1	-4.166510982759923
4	2	7	1	4.166510982759923
2	4	2	3	8.507786274401175
4	2	2	3	-8.507786274401175
2	4	3	2	-8.507786274401175
4	2	3	2	8.507786274401175
2	4	2	4	0.14222324679819492
4	2	2	4	-0.14222324679819492
2	4	4	2	-0.14222324679819492
4	2	4	2	0.14222324679819492
2	4	2	5	0.1950296366503952
4	2	2	5	-0.1950296366503952
2	4	5	2	-0.1950296366503952
4	2	5	2	0.1950296366503952
2	4	2	6	3.573245528690091
4	2	2	6	-3.573245528690091
2	4	6	2	-3.573245528690091
4	2	6	2	3.573245528690091
2	4	2	7	7.676349607232574
4	2	2	7	-7.676349607232574
2	4	7	2	-7.676349607232574
4	2	7	2	7.676349607232574
2	4	3	4	-0.05468066116433244
4	2	3	4	0.05468066116433244
2	4	4	3	0.05468066116433244
4	2	4	3	-0.05468066116433244
2	4	3	5	0.026125072025244032
4	2	3	5	-0.026125072025244032
2	4	5	3	-0.026125072025244032
4	2	5	3	0.026125072025244032
2	4	3	6	8.227546126548788
4	2	3	6	-8.227546126548788
2	4	6	3	-8.227546126548788
4	2	6	3	8.227546126548788
2	4	3	7	0.019568405033607714
4	2	3	7	-0.019568405033607714
2	4	7	3	-0.019568405033607714
4	2	7	3	0.019568405033607714
2	4	4	5	0.17385312464084385
4	2	4	5	-0.17385312464084385
2	4	5	4	-0.17385312464084385
4	2	5	4	0.17385312464084385
2	4	4	6	0.2729031926274651
4	2	4	6	-0.2729031926274651
2	4	6	4	-0.2729031926274651
4	2	6	4	0.2729031926274651
2	4	4	7	0.2442500024714679
4	2	4	7	-0.2442500024714679
2	4	7	4	-0.2442500024714679
4	2	7	4	0.2442500024714679
2	4	5	6	0.0
4	2	5	6	-0.0
2	4	6	5	-0.0
4	2	6	5	0.0
2	4	5	7	0.0
4	2	5	7	-0.0
2	4	7	5	-0.0
4	2	7	5	0.0
2	4	6	7	3.645301244580008
4	2	6	7	-3.645301244580008
2	4	7	6	-3.645301244580008
4	2	7	6	3.645301244580008
2	5	0	1	6.212729802020556
5	2	0	1	-6.212729802020556
2	5	1	0	-6.212729802020556
5	2	1	0	6.212729802020556
2	5	0	2	6.377173045112565
5	2	0	2	-6.377173045112565
2	5	2	0	-6.377173045112565
5	2	2	0	6.377173045112565
2	5	0	3	6.583106036800002
5	2	0	3	-6.583106036800002
2	5	3	0	-6.583106036800002
5	2	3	0	6.583106036800002
2	5	0	4	8.618302403980607
5	2	0	4	-8.618302403980607
2	5	4	0	-8.618302403980607
5	2	4	0	8.618302403980607
2	5	0	5	7.776861736536313
5	2	0	5	-7.776861736536313
2	5	5	0	-7.776861736536313
5	2	5	0	7.776861736536313
2	5	0	6	3.0654565890291248
5	2	0	6	-3.0654565890291248
2	5	6	0	-3.0654565890291248
5	2	6	0	3.0654565890291248
2	5	0	7	3.592826881455978
5	2	0	7	-3.592826881455978
2	5	7	0	-3.592826881455978
5	2	7	0	3.592826881455978
2	5	1	2	0.5301000539156485
5	2	1	2	-0.5301000539156485
2	5	2	1	-0.5301000539156485
5	2	2	1	0.5301000539156485
2	5	1	3	1.4376964061576556
5	2	1	3	-1.4376964061576556
2	5	3	1	-1.4376964061576556
5	2	3	1	1.4376964061576556
2	5	1	4	2.8859580072583753
5	2	1	4	-2.8859580072583753
2	5	4	1	-2.8859580072583753
5	2	4	1	2.8859580072583753
2	5	1	5	0.14956194067046744
5	2	1	5	-0.14956194067046744
2	5	5	1	-0.14956194067046744
5	2	5	1	0.14956194067046744
2	5	1	6	1.373986933380297
5	2	1	6	-1.373986933380297
2	5	6	1	-1.373986933380297
5	2	6	1	1.373986933380297
2	5	1	7	3.79698847686361
5	2	1	7	-3.79698847686361
2	5	7	1	-3.79698847686361
5	2	7	1	3.79698847686361
2	5	2	3	9.598056991201329
5	2	2	3	-9.598056991201329
2	5	3	2	-9.598056991201329
5	2	3	2	9.598056991201329
2	5	2	4	0.21116601346025976
5	2	2	4	-0.21116601346025976
2	5	4	2	-0.21116601346025976
5	2	4	2	0.21116601346025976
2	5	2	5	0.19502423926522505
5	2	2	5	-0.19502423926522505
2	5	5	2	-0.19502423926522505
5	2	5	2	0.19502423926522505
2	5	2	6	2.7293080430193126
5	2	2	6	-2.7293080430193126
2	5	6	2	-2.7293080430193126
5	2	6	2	2.7293080430193126
2	5	2	7	6.596414994696241
5	2	2	7	-6.596414994696241
2	5	7	2	-6.596414994696241
5	2	7	2	6.596414994696241
2	5	3	4	0.13212050271786485
5	2	3	4	-0.13212050271786485
2	5	4	3	-0.13212050271786485
5	2	4	3	0.13212050271786485
2	5	3	5	-0.1587422802340567
5	2	3	5	0.1587422802340567
2	5	5	3	0.1587422802340567
5	2	5	3	-0.1587422802340567
2	5	3	6	5.900376785417262
5	2	3	6	-5.900376785417262
2	5	6	3	-5.900376785417262
5	2	6	3	5.900376785417262
2	5	3	7	-0.14172404212936765
5	2	3	7	0.14172404212936765
2	5	7	3	0.14172404212936765
5	2	7	3	-0.14172404212936765
2	5	4	5	0.1644043128880077
5	2	4	5	-0.1644043128880077
2	5	5	4	-0.1644043128880077
5	2	5	4	0.1644043128880077
2	5	4	6	0.15343199918823647
5	2	4	6	-0.15343199918823647
2	5	6	4	-0.15343199918823647
5	2	6	4	0.15343199918823647
2	5	4	7	0.1328050311801645
5	2	4	7	-0.1328050311801645
2	5	7	4	-0.1328050311801645
5	2	7	4	0.1328050311801645
2	5	5	6	0.14620594291695904
5	2	5	6	-0.14620594291695904
2	5	6	5	-0.14620594291695904
5	2	6	5	0.14620594291695904
2	5	5	7	0.1345668638267699
5	2	5	7	-0.1345668638267699
2	5	7	5	-0.1345668638267699
5	2	7	5	0.1345668638267699
2	5	6	7	3.5102220083154596
5	2	6	7	-3.5102220083154596
2	5	7	6	-3.5102220083154596
5	2	7	6	3.5102220083154596
2	6	0	1	3.6045807613468637
6	2	0	1	-3.6045807613468637
2	6	1	0	-3.6045807613468637
6	2	1	0	3.6045807613468637
2	6	0	2	3.9998918176446527
6	2	0	2	-3.9998918176446527
2	6	2	0	-3.9998918176446527
6	2	2	0	3.9998918176446527
2	6	0	3	4.838152907117207
6	2	0	3	-4.838152907117207
2	6	3	0	-4.838152907117207
6	2	3	0	4.838152907117207
2	6	0	4	6.355356484125173
6	2	0	4	-6.355356484125173
2	6	4	0	-6.355356484125173
6	2	4	0	6.355356484125173
2	6	0	5	5.0727151991906005
6	2	0	5	-5.0727151991906005
2	6	5	0	-5.0727151991906005
6	2	5	0	5.0727151991906005
2	6	0	6	2.7194757783048953
6	2	0	6	-2.7194757783048953
2	6	6	0	-2.7194757783048953
6	2	6	0	2.7194757783048953
2	6	0	7	3.8311795463678715
6	2	0	7	-3.8311795463678715
2	6	7	0	-3.8311795463678715
6	2	7	0	3.8311795463678715
2	6	1	2	0.5654300954331869
6	2	1	2	-0.5654300954331869
2	6	2	1	-0.5654300954331869
6	2	2	1	0.5654300954331869
2	6	1	3	1.0464757453816447
6	2	1	3	-1.0464757453816447
2	6	3	1	-1.0464757453816447
6	2	3	1	1.0464757453816447
2	6	1	4	1.5580973843555344
6	2	1	4	-1.5580973843555344
2	6	4	1	-1.5580973843555344
6	2	4	1	1.5580973843555344
2	6	1	5	0.03860504248526926
6	2	1	5	-0.03860504248526926
2	6	5	1	-0.03860504248526926
6	2	5	1	0.03860504248526926
2	6	1	6	1.082644429833103
6	2	1	6	-1.082644429833103
2	6	6	1	-1.082644429833103
6	2	6	1	1.082644429833103
2	6	1	7	4.003988697628243
6	2	1	7	-4.003988697628243
2	6	7	1	-4.003988697628243
6	2	7	1	4.003988697628243
2	6	2	3	6.590247210553154
6	2	2	3	-6.590247210553154
2	6	3	2	-6.590247210553154
6	2	3	2	6.590247210553154
2	6	2	4	-0.14432259711620976
6	2	2	4	0.14432259711620976
2	6	4	2	0.14432259711620976
6	2	4	2	-0.14432259711620976
2	6	2	5	-0.13051547954582982
6	2	2	5	0.13051547954582982
2	6	5	2	0.13051547954582982
6	2	5	2	-0.13051547954582982
2	6	2	6	2.2708247376407726
6	2	2	6	-2.2708247376407726
2	6	6	2	-2.2708247376407726
6	2	6	2	2.2708247376407726
2	6	2	7	5.949043284990244
6	2	2	7	-5.949043284990244
2	6	7	2	-5.949043284990244
6	2	7	2	5.949043284990244
2	6	3	4	-0.13056550211628012
6	2	3	4	0.13056550211628012
2	6	4	3	0.13056550211628012
6	2	4	3	-0.13056550211628012
2	6	3	5	-0.09659407250296956
6	2	3	5	0.09659407250296956
2	6	5	3	0.09659407250296956
6	2	5	3	-0.09659407250296956
2	6	3	6	7.082310873344146
6	2	3	6	-7.082310873344146
2	6	6	3	-7.082310873344146
6	2	6	3	7.082310873344146
2	6	3	7	-0.1669182713559359
6	2	3	7	0.1669182713559359
2	6	7	3	0.1669182713559359
6	2	7	3	-0.1669182713559359
2	6	4	5	-0.14624655834430783
6	2	4	5	0.14624655834430783
2	6	5	4	0.14624655834430783
6	2	5	4	-0.14624655834430783
2	6	4	6	-0.15257135224186613
6	2	4	6	0.15257135224186613
2	6	6	4	0.15257135224186613
6	2	6	4	-0.15257135224186613
2	6	4	7	-0.1934603034872331
6	2	4	7	0.1934603034872331
2	6	7	4	0.1934603034872331
6	2	7	4	-0.1934603034872331
2	6	5	6	-0.15969307031070498
6	2	5	6	0.15969307031070498
2	6	6	5	0.15969307031070498
6	2	6	5	-0.15969307031070498
2	6	5	7	-0.08215078595470404
6	2	5	7	0.08215078595470404
2	6	7	5	0.08215078595470404
6	2	7	5	-0.08215078595470404
2	6	6	7	3.767947472676989
6	2	6	7	-3.767947472676989
2	6	7	6	-3.767947472676989
6	2	7	6	3.767947472676989
2	7	0	1	4.366380603441188
7	2	0	1	-4.366380603441188
2	7	1	0	-4.366380603441188
7	2	1	0	4.366380603441188
2	7	0	2	4.157530403139382
7	2	0	2	-4.157530403139382
2	7	2	0	-4.157530403139382
7	2	2	0	4.157530403139382
2	7	0	3	4.463637317612215
7	2	0	3	-4.463637317612215
2	7	3	0	-4.463637317612215
7	2	3	0	4.463637317612215
2	7	0	4	6.341162706448754
7	2	0	4	-6.341162706448754
2	7	4	0	-6.341162706448754
7	2	4	0	6.341162706448754
2	7	0	5	5.31051542915328
7	2	0	5	-5.31051542915328
2	7	5	0	-5.31051542915328
7	2	5	0	5.31051542915328
2	7	0	6	2.8817254023836703
7	2	0	6	-2.8817254023836703
2	7	6	0	-2.8817254023836703
7	2	6	0	2.8817254023836703
2	7	0	7	3.041146558556121
7	2	0	7	-3.041146558556121
2	7	7	0	-3.041146558556121
7	2	7	0	3.041146558556121
2	7	1	2	0.4885176970849545
7	2	1	2	-0.4885176970849545
2	7	2	1	-0.4885176970849545
7	2	2	1	0.4885176970849545
2	7	1	3	1.0267949943604133
7	2	1	3	-1.0267949943604133
2	7	3	1	-1.0267949943604133
7	2	3	1	1.0267949943604133
2	7	1	4	1.8604493321016309
7	2	1	4	-1.8604493321016309
2	7	4	1	-1.8604493321016309
7	2	4	1	1.8604493321016309
2	7	1	5	0.0011835562029924086
7	2	1	5	-0.0011835562029924086
2	7	5	1	-0.0011835562029924086
7	2	5	1	0.0011835562029924086
2	7	1	6	1.4513818302767034
7	2	1	6	-1.4513818302767034
2	7	6	1	-1.4513818302767034
7	2	6	1	1.4513818302767034
2	7	1	7	3.617554584643825
7	2	1	7	-3.617554584643825
2	7	7	1	-3.617554584643825
7	2	7	1	3.617554584643825
2	7	2	3	6.039965333428909
7	2	2	3	-6.039965333428909
2	7	3	2	-6.039965333428909
7	2	3	2	6.039965333428909
2	7	2	4	-0.0299913870771955
7	2	2	4	0.0299913870771955
2	7	4	2	0.0299913870771955
7	2	4	2	-0.0299913870771955
2	7	2	5	-0.15867077493783172
7	2	2	5	0.15867077493783172
2	7	5	2	0.15867077493783172
7	2	5	2	-0.15867077493783172
2	7	2	6	2.7846274960480097
7	2	2	6	-2.7846274960480097
2	7	6	2	-2.7846274960480097
7	2	6	2	2.7846274960480097
2	7	2	7	8.147932357687429
7	2	2	7	-8.147932357687429
2	7	7	2	-8.147932357687429
7	2	7	2	8.147932357687429
2	7	3	4	0.011269559673573827
7	2	3	4	-0.011269559673573827
2	7	4	3	-0.011269559673573827
7	2	4	3	0.011269559673573827
2	7	3	5	-0.10789741470261803
7	2	3	5	0.10789741470261803
2	7	5	3	0.10789741470261803
7	2	5	3	-0.10789741470261803
2	7	3	6	7.665362280781464
7	2	3	6	-7.665362280781464
2	7	6	3	-7.665362280781464
7	2	6	3	7.665362280781464
2	7	3	7	-0.03268196702660278
7	2	3	7	0.03268196702660278
2	7	7	3	0.03268196702660278
7	2	7	3	-0.03268196702660278
2	7	4	5	0.02774726957950491
7	2	4	5	-0.02774726957950491
2	7	5	4	-0.02774726957950491
7	2	5	4	0.02774726957950491
2	7	4	6	0.03192867188553101
7	2	4	6	-0.03192867188553101
2	7	6	4	-0.03192867188553101
7	2	6	4	0.03192867188553101
2	7	4	7	0.1073047998196169
7	2	4	7	-0.1073047998196169
2	7	7	4	-0.1073047998196169
7	2	7	4	0.1073047998196169
2	7	5	6	-0.0662741303579296
7	2	5	6	0.0662741303579296
2	7	6	5	0.0662741303579296
7	2	6	5	-0.0662741303579296
2	7	5	7	0.047018238542874104
7	2	5	7	-0.047018238542874104
2	7	7	5	-0.047018238542874104
7	2	7	5	0.047018238542874104
2	7	6	7	4.382573890040541
7	2	6	7	-4.382573890040541
2	7	7	6	-4.382573890040541
7	2	7	6	4.382573890040541
3	4	0	1	4.846249889103508
4	3	0	1	-4.846249889103508
3	4	1	0	-4.846249889103508
4	3	1	0	4.846249889103508
3	4	0	2	6.009619728641927
4	3	0	2	-6.009619728641927
3	4	2	0	-6.009619728641927
4	3	2	0	6.009619728641927
3	4	0	3	8.524003255780139
4	3	0	3	-8.524003255780139
3	4	3	0	-8.524003255780139
4	3	3	0	8.524003255780139
3	4	0	4	8.437080300044313
4	3	0	4	-8.437080300044313
3	4	4	0	-8.437080300044313
4	3	4	0	8.437080300044313
3	4	0	5	9.939956426342425
4	3	0	5	-9.939956426342425
3	4	5	0	-9.939956426342425
4	3	5	0	9.939956426342425
3	4	0	6	2.7561346712809436
4	3	0	6	-2.7561346712809436
3	4	6	0	-2.7561346712809436
4	3	6	0	2.7561346712809436
3	4	0	7	3.897454688434493
4	3	0	7	-3.897454688434493
3	4	7	0	-3.897454688434493
4	3	7	0	3.897454688434493
3	4	1	2	0.7813527488863519
4	3	1	2	-0.7813527488863519
3	4	2	1	-0.7813527488863519
4	3	2	1	0.7813527488863519
3	4	1	3	1.2987076397049333
4	3	1	3	-1.2987076397049333
3	4	3	1	-1.2987076397049333
4	3	3	1	1.2987076397049333
3	4	1	4	2.905765364544648
4	3	1	4	-2.905765364544648
3	4	4	1	-2.905765364544648
4	3	4	1	2.905765364544648
3	4	1	5	0.0300077009453296
4	3	1	5	-0.0300077009453296
3	4	5	1	-0.0300077009453296
4	3	5	1	0.0300077009453296
3	4	1	6	1.1754621710960005
4	3	1	6	-1.1754621710960005
3	4	6	1	-1.1754621710960005
4	3	6	1	1.1754621710960005
3	4	1	7	3.535093973969683
4	3	1	7	-3.535093973969683
3	4	7	1	-3.535093973969683
4	3	7	1	3.535093973969683
3	4	2	3	11.389572130159081
4	3	2	3	-11.389572130159081
3	4	3	2	-11.389572130159081
4	3	3	2	11.389572130159081
3	4	2	4	0.2623148531539261
4	3	2	4	-0.2623148531539261
3	4	4	2	-0.2623148531539261
4	3	4	2	0.2623148531539261
3	4	2	5	0.2301677366364709
4	3	2	5	-0.2301677366364709
3	4	5	2	-0.2301677366364709
4	3	5	2	0.2301677366364709
3	4	2	6	2.2432344528725285
4	3	2	6	-2.2432344528725285
3	4	6	2	-2.2432344528725285
4	3	6	2	2.2432344528725285
3	4	2	7	7.62216776293786
4	3	2	7	-7.62216776293786
3	4	7	2	-7.62216776293786
4	3	7	2	7.62216776293786
3	4	3	4	0.1251935706767955
4	3	3	4	-0.1251935706767955
3	4	4	3	-0.1251935706767955
4	3	4	3	0.1251935706767955
3	4	3	5	0.06410736517134606
4	3	3	5	-0.06410736517134606
3	4	5	3	-0.06410736517134606
4	3	5	3	0.06410736517134606
3	4	3	6	8.417942781307167
4	3	3	6	-8.417942781307167
3	4	6	3	-8.417942781307167
4	3	6	3	8.417942781307167
3	4	3	7	-0.20472576927875713
4	3	3	7	0.20472576927875713
3	4	7	3	0.20472576927875713
4	3	7	3	-0.20472576927875713
3	4	4	5	0.18948402533195846
4	3	4	5	-0.18948402533195846
3	4	5	4	-0.18948402533195846
4	3	5	4	0.18948402533195846
3	4	4	6	0.08966875327635283
4	3	4	6	-0.08966875327635283
3	4	6	4	-0.08966875327635283
4	3	6	4	0.08966875327635283
3	4	4	7	-0.11586572739847562
4	3	4	7	0.11586572739847562
3	4	7	4	0.11586572739847562
4	3	7	4	-0.11586572739847562
3	4	5	6	0.0
4	3	5	6	-0.0
3	4	6	5	-0.0
4	3	6	5	0.0
3	4	5	7	0.0
4	3	5	7	-0.0
3	4	7	5	-0.0
4	3	7	5	0.0
3	4	6	7	3.4423832910450063
4	3	6	7	-3.4423832910450063
3	4	7	6	-3.4423832910450063
4	3	7	6	3.4423832910450063
3	5	0	1	4.7367543826787015
5	3	0	1	-4.7367543826787015
3	5	1	0	-4.7367543826787015
5	3	1	0	4.7367543826787015
3	5	0	2	5.979018285434994
5	3	0	2	-5.979018285434994
3	5	2	0	-5.979018285434994
5	3	2	0	5.979018285434994
3	5	0	3	6.969835865935347
5	3	0	3	-6.969835865935347
3	5	3	0	-6.969835865935347
5	3	3	0	6.969835865935347
3	5	0	4	6.216366416773189
5	3	0	4	-6.216366416773189
3	5	4	0	-6.216366416773189
5	3	4	0	6.216366416773189
3	5	0	5	8.319824454228723
5	3	0	5	-8.319824454228723
3	5	5	0	-8.319824454228723
5	3	5	0	8.319824454228723
3	5	0	6	2.1927093424060566
5	3	0	6	-2.1927093424060566
3	5	6	0	-2.1927093424060566
5	3	6	0	2.1927093424060566
3	5	0	7	2.817248772343695
5	3	0	7	-2.817248772343695
3	5	7	0	-2.817248772343695
5	3	7	0	2.817248772343695
3	5	1	2	0.6892654599936632
5	3	1	2	-0.6892654599936632
3	5	2	1	-0.6892654599936632
5	3	2	1	0.6892654599936632
3	5	1	3	1.2223807615252598
5	3	1	3	-1.2223807615252598
3	5	3	1	-1.2223807615252598
5	3	3	1	1.2223807615252598
3	5	1	4	3.238879813710226
5	3	1	4	-3.238879813710226
3	5	4	1	-3.238879813710226
5	3	4	1	3.238879813710226
3	5	1	5	0.04373950070098303
5	3	1	5	-0.04373950070098303
3	5	5	1	-0.04373950070098303
5	3	5	1	0.04373950070098303
3	5	1	6	1.4075486894286326
5	3	1	6	-1.4075486894286326
3	5	6	1	-1.4075486894286326
5	3	6	1	1.4075486894286326
3	5	1	7	4.467151343225474
5	3	1	7	-4.467151343225474
3	5	7	1	-4.467151343225474
5	3	7	1	4.467151343225474
3	5	2	3	8.162922119916574
5	3	2	3	-8.162922119916574
3	5	3	2	-8.162922119916574
5	3	3	2	8.162922119916574
3	5	2	4	0.17384117325979412
5	3	2	4	-0.17384117325979412
3	5	4	2	-0.17384117325979412
5	3	4	2	0.17384117325979412
3	5	2	5	0.2019423043043002
5	3	2	5	-0.2019423043043002
3	5	5	2	-0.2019423043043002
5	3	5	2	0.2019423043043002
3	5	2	6	3.3854636914610565
5	3	2	6	-3.3854636914610565
3	5	6	2	-3.3854636914610565
5	3	6	2	3.3854636914610565
3	5	2	7	8.073048330327657
5	3	2	7	-8.073048330327657
3	5	7	2	-8.073048330327657
5	3	7	2	8.073048330327657
3	5	3	4	-0.14286990705679442
5	3	3	4	0.14286990705679442
3	5	4	3	0.14286990705679442
5	3	4	3	-0.14286990705679442
3	5	3	5	-0.19320880162803883
5	3	3	5	0.19320880162803883
3	5	5	3	0.19320880162803883
5	3	5	3	-0.19320880162803883
3	5	3	6	8.032552892946848
5	3	3	6	-8.032552892946848
3	5	6	3	-8.032552892946848
5	3	6	3	8.032552892946848
3	5	3	7	0.03727640186720117
5	3	3	7	-0.03727640186720117
3	5	7	3	-0.03727640186720117
5	3	7	3	0.03727640186720117
3	5	4	5	0.15844215584635582
5	3	4	5	-0.15844215584635582
3	5	5	4	-0.15844215584635582
5	3	5	4	0.15844215584635582
3	5	4	6	0.1511869523212283
5	3	4	6	-0.1511869523212283
3	5	6	4	-0.1511869523212283
5	3	6	4	0.1511869523212283
3	5	4	7	-0.03941765506280339
5	3	4	7	0.03941765506280339
3	5	7	4	0.03941765506280339
5	3	7	4	-0.03941765506280339
3	5	5	6	0.17503177622997784
5	3	5	6	-0.17503177622997784
3	5	6	5	-0.17503177622997784
5	3	6	5	0.17503177622997784
3	5	5	7	-0.052090766950669526
5	3	5	7	0.052090766950669526
3	5	7	5	0.052090766950669526
5	3	7	5	-0.052090766950669526
3	5	6	7	3.9047350483092083
5	3	6	7	-3.9047350483092083
3	5	7	6	-3.9047350483092083
5	3	7	6	3.9047350483092083
3	6	0	1	3.530940612785069
6	3	0	1	-3.530940612785069
3	6	1	0	-3.530940612785069
6	3	1	0	3.530940612785069
3	6	0	2	3.8771032096144706
6	3	0	2	-3.8771032096144706
3	6	2	0	-3.8771032096144706
6	3	2	0	3.8771032096144706
3	6	0	3	4.777680482247119
6	3	0	3	-4.777680482247119
3	6	3	0	-4.777680482247119
6	3	3	0	4.777680482247119
3	6	0	4	5.799933895484305
6	3	0	4	-5.799933895484305
3	6	4	0	-5.799933895484305
6	3	4	0	5.799933895484305
3	6	0	5	4.934743311995499
6	3	0	5	-4.934743311995499
3	6	5	0	-4.934743311995499
6	3	5	0	4.934743311995499
3	6	0	6	2.1784197996973496
6	3	0	6	-2.1784197996973496
3	6	6	0	-2.1784197996973496
6	3	6	0	2.1784197996973496
3	6	0	7	3.186359892525492
6	3	0	7	-3.186359892525492
3	6	7	0	-3.186359892525492
6	3	7	0	3.186359892525492
3	6	1	2	0.49971803719225133
6	3	1	2	-0.49971803719225133
3	6	2	1	-0.49971803719225133
6	3	2	1	0.49971803719225133
3	6	1	3	1.085066000889976
6	3	1	3	-1.085066000889976
3	6	3	1	-1.085066000889976
6	3	3	1	1.085066000889976
3	6	1	4	1.841598063762707
6	3	1	4	-1.841598063762707
3	6	4	1	-1.841598063762707
6	3	4	1	1.841598063762707
3	6	1	5	0.02652699661788761
6	3	1	5	-0.02652699661788761
3	6	5	1	-0.02652699661788761
6	3	5	1	0.02652699661788761
3	6	1	6	1.3411438410552112
6	3	1	6	-1.3411438410552112
3	6	6	1	-1.3411438410552112
6	3	6	1	1.3411438410552112
3	6	1	7	3.4812574713014066
6	3	1	7	-3.4812574713014066
3	6	7	1	-3.4812574713014066
6	3	7	1	3.4812574713014066
3	6	2	3	8.342593392092633
6	3	2	3	-8.342593392092633
3	6	3	2	-8.342593392092633
6	3	3	2	8.342593392092633
3	6	2	4	-0.15959299401987018
6	3	2	4	0.15959299401987018
3	6	4	2	0.15959299401987018
6	3	4	2	-0.15959299401987018
3	6	2	5	-0.027982414230010036
6	3	2	5	0.027982414230010036
3	6	5	2	0.027982414230010036
6	3	5	2	-0.027982414230010036
3	6	2	6	2.7128318571432404
6	3	2	6	-2.7128318571432404
3	6	6	2	-2.7128318571432404
6	3	6	2	2.7128318571432404
3	6	2	7	6.992464523994005
6	3	2	7	-6.992464523994005
3	6	7	2	-6.992464523994005
6	3	7	2	6.992464523994005
3	6	3	4	-0.16777138909420114
6	3	3	4	0.16777138909420114
3	6	4	3	0.16777138909420114
6	3	4	3	-0.16777138909420114
3	6	3	5	0.0029824827613362014
6	3	3	5	-0.0029824827613362014
3	6	5	3	-0.0029824827613362014
6	3	5	3	0.0029824827613362014
3	6	3	6	8.845473681432665
6	3	3	6	-8.845473681432665
3	6	6	3	-8.845473681432665
6	3	6	3	8.845473681432665
3	6	3	7	0.07831683821295955
6	3	3	7	-0.07831683821295955
3	6	7	3	-0.07831683821295955
6	3	7	3	0.07831683821295955
3	6	4	5	-0.22883163818078184
6	3	4	5	0.22883163818078184
3	6	5	4	0.22883163818078184
6	3	5	4	-0.22883163818078184
3	6	4	6	-0.09807793735632157
6	3	4	6	0.09807793735632157
3	6	6	4	0.09807793735632157
6	3	6	4	-0.09807793735632157
3	6	4	7	0.030402749088864953
6	3	4	7	-0.030402749088864953
3	6	7	4	-0.030402749088864953
6	3	7	4	0.030402749088864953
3	6	5	6	0.024324101915358387
6	3	5	6	-0.024324101915358387
3	6	6	5	-0.024324101915358387
6	3	6	5	0.024324101915358387
3	6	5	7	0.026956511777374393
6	3	5	7	-0.026956511777374393
3	6	7	5	-0.026956511777374393
6	3	7	5	0.026956511777374393
3	6	6	7	2.9226023015695946
6	3	6	7	-2.9226023015695946
3	6	7	6	-2.9226023015695946
6	3	7	6	2.9226023015695946
3	7	0	1	4.216018481823779
7	3	0	1	-4.216018481823779
3	7	1	0	-4.216018481823779
7	3	1	0	4.216018481823779
3	7	0	2	4.316557403524593
7	3	0	2	-4.316557403524593
3	7	2	0	-4.316557403524593
7	3	2	0	4.316557403524593
3	7	0	3	4.966572564399845
7	3	0	3	-4.966572564399845
3	7	3	0	-4.966572564399845
7	3	3	0	4.966572564399845
3	7	0	4	5.234349657750024
7	3	0	4	-5.234349657750024
3	7	4	0	-5.234349657750024
7	3	4	0	5.234349657750024
3	7	0	5	6.594335367026678
7	3	0	5	-6.594335367026678
3	7	5	0	-6.594335367026678
7	3	5	0	6.594335367026678
3	7	0	6	2.3949951989154727
7	3	0	6	-2.3949951989154727
3	7	6	0	-2.3949951989154727
7	3	6	0	2.3949951989154727
3	7	0	7	2.922684522428446
7	3	0	7	-2.922684522428446
3	7	7	0	-2.922684522428446
7	3	7	0	2.922684522428446
3	7	1	2	0.666108849826277
7	3	1	2	-0.666108849826277
3	7	2	1	-0.666108849826277
7	3	2	1	0.666108849826277
3	7	1	3	1.1589834928043605
7	3	1	3	-1.1589834928043605
3	7	3	1	-1.1589834928043605
7	3	3	1	1.1589834928043605
3	7	1	4	1.6203875387283824
7	3	1	4	-1.6203875387283824
3	7	4	1	-1.6203875387283824
7	3	4	1	1.6203875387283824
3	7	1	5	0.17803049843430702
7	3	1	5	-0.17803049843430702
3	7	5	1	-0.17803049843430702
7	3	5	1	0.17803049843430702
3	7	1	6	0.9995712146642113
7	3	1	6	-0.9995712146642113
3	7	6	1	-0.9995712146642113
7	3	6	1	0.9995712146642113
3	7	1	7	4.505048544178848
7	3	1	7	-4.505048544178848
3	7	7	1	-4.505048544178848
7	3	7	1	4.505048544178848
3	7	2	3	6.103775352369765
7	3	2	3	-6.103775352369765
3	7	3	2	-6.103775352369765
7	3	3	2	6.103775352369765
3	7	2	4	-0.12019812052095667
7	3	2	4	0.12019812052095667
3	7	4	2	0.12019812052095667
7	3	4	2	-0.12019812052095667
3	7	2	5	-0.1071655353475711
7	3	2	5	0.1071655353475711
3	7	5	2	0.1071655353475711
7	3	5	2	-0.1071655353475711
3	7	2	6	3.098587649437959
7	3	2	6	-3.098587649437959
3	7	6	2	-3.098587649437959
7	3	6	2	3.098587649437959
3	7	2	7	8.189777279326792
7	3	2	7	-8.189777279326792
3	7	7	2	-8.189777279326792
7	3	7	2	8.189777279326792
3	7	3	4	-0.13512150413982368
7	3	3	4	0.13512150413982368
3	7	4	3	0.13512150413982368
7	3	4	3	-0.13512150413982368
3	7	3	5	-0.18428113420819198
7	3	3	5	0.18428113420819198
3	7	5	3	0.18428113420819198
7	3	5	3	-0.18428113420819198
3	7	3	6	6.974749305397454
7	3	3	6	-6.974749305397454
3	7	6	3	-6.974749305397454
7	3	6	3	6.974749305397454
3	7	3	7	-0.06860343389697089
7	3	3	7	0.06860343389697089
3	7	7	3	0.06860343389697089
7	3	7	3	-0.06860343389697089
3	7	4	5	0.1690371121392446
7	3	4	5	-0.1690371121392446
3	7	5	4	-0.1690371121392446
7	3	5	4	0.1690371121392446
3	7	4	6	0.04779823610532155
7	3	4	6	-0.04779823610532155
3	7	6	4	-0.04779823610532155
7	3	6	4	0.04779823610532155
3	7	4	7	0.155140500138157
7	3	4	7	-0.155140500138157
3	7	7	4	-0.155140500138157
7	3	7	4	0.155140500138157
3	7	5	6	0.04823693180478085
7	3	5	6	-0.04823693180478085
3	7	6	5	-0.04823693180478085
7	3	6	5	0.04823693180478085
3	7	5	7	0.1404932029405533
7	3	5	7	-0.1404932029405533
3	7	7	5	-0.1404932029405533
7	3	7	5	0.1404932029405533
3	7	6	7	4.621070961480146
7	3	6	7	-4.621070961480146
3	7	7	6	-4.621070961480146
7	3	7	6	4.621070961480146
4	5	0	1	6.270367475819067
5	4	0	1	-6.270367475819067
4	5	1	0	-6.270367475819067
5	4	1	0	6.270367475819067
4	5	0	2	7.282802029110936
5	4	0	2	-7.282802029110936
4	5	2	0	-7.282802029110936
5	4	2	0	7.282802029110936
4	5	0	3	6.704112527276659
5	4	0	3	-6.704112527276659
4	5	3	0	-6.704112527276659
5	4	3	0	6.704112527276659
4	5	0	4	7.940202402907412
5	4	0	4	-7.940202402907412
4	5	4	0	-7.940202402907412
5	4	4	0	7.940202402907412
4	5	0	5	8.095255575037234
5	4	0	5	-8.095255575037234
4	5	5	0	-8.095255575037234
5	4	5	0	8.095255575037234
4	5	0	6	2.734467330710367
5	4	0	6	-2.734467330710367
4	5	6	0	-2.734467330710367
5	4	6	0	2.734467330710367
4	5	0	7	3.710684341478917
5	4	0	7	-3.710684341478917
4	5	7	0	-3.710684341478917
5	4	7	0	3.710684341478917
4	5	1	2	0.9972100568057007
5	4	1	2	-0.9972100568057007
4	5	2	1	-0.9972100568057007
5	4	2	1	0.9972100568057007
4	5	1	3	1.4485127318880395
5	4	1	3	-1.4485127318880395
4	5	3	1	-1.4485127318880395
5	4	3	1	1.4485127318880395
4	5	1	4	2.9111875604390596
5	4	1	4	-2.9111875604390596
4	5	4	1	-2.9111875604390596
5	4	4	1	2.9111875604390596
4	5	1	5	0.07496190354647549
5	4	1	5	-0.07496190354647549
4	5	5	1	-0.07496190354647549
5	4	5	1	0.07496190354647549
4	5	1	6	1.139080811595789
5	4	1	6	-1.139080811595789
4	5	6	1	-1.139080811595789
5	4	6	1	1.139080811595789
4	5	1	7	3.6709328887295554
5	4	1	7	-3.6709328887295554
4	5	7	1	-3.6709328887295554
5	4	7	1	3.6709328887295554
4	5	2	3	10.789057206480104
5	4	2	3	-10.789057206480104
4	5	3	2	-10.789057206480104
5	4	3	2	10.789057206480104
4	5	2	4	0.18626392756703505
5	4	2	4	-0.18626392756703505
4	5	4	2	-0.18626392756703505
5	4	4	2	0.18626392756703505
4	5	2	5	0.22802885271606743
5	4	2	5	-0.22802885271606743
4	5	5	2	-0.22802885271606743
5	4	5	2	0.22802885271606743
4	5	2	6	3.0373154349732245
5	4	2	6	-3.0373154349732245
4	5	6	2	-3.0373154349732245
5	4	6	2	3.0373154349732245
4	5	2	7	7.551358204496705
5	4	2	7	-7.551358204496705
4	5	7	2	-7.551358204496705
5	4	7	2	7.551358204496705
4	5	3	4	0.19063727718061313
5	4	3	4	-0.19063727718061313
4	5	4	3	-0.19063727718061313
5	4	4	3	0.19063727718061313
4	5	3	5	0.12751200751022598
5	4	3	5	-0.12751200751022598
4	5	5	3	-0.12751200751022598
5	4	5	3	0.12751200751022598
4	5	3	6	7.751439200246732
5	4	3	6	-7.751439200246732
4	5	6	3	-7.751439200246732
5	4	6	3	7.751439200246732
4	5	3	7	-0.15169522398996188
5	4	3	7	0.15169522398996188
4	5	7	3	0.15169522398996188
5	4	7	3	-0.15169522398996188
4	5	4	5	0.08020335795996422
5	4	4	5	-0.08020335795996422
4	5	5	4	-0.08020335795996422
5	4	5	4	0.08020335795996422
4	5	4	6	0.08313289270865001
5	4	4	6	-0.08313289270865001
4	5	6	4	-0.08313289270865001
5	4	6	4	0.08313289270865001
4	5	4	7	0.17099322641640122
5	4	4	7	-0.17099322641640122
4	5	7	4	-0.17099322641640122
5	4	7	4	0.17099322641640122
4	5	5	6	-0.053802662300935764
5	4	5	6	0.053802662300935764
4	5	6	5	0.053802662300935764
5	4	6	5	-0.053802662300935764
4	5	5	7	0.13836761576210332
5	4	5	7	-0.13836761576210332
4	5	7	5	-0.13836761576210332
5	4	7	5	0.13836761576210332
4	5	6	7	3.364614067270166
5	4	6	7	-3.364614067270166
4	5	7	6	-3.364614067270166
5	4	7	6	3.364614067270166
4	6	0	1	4.414209539396723
6	4	0	1	-4.414209539396723
4	6	1	0	-4.414209539396723
6	4	1	0	4.414209539396723
4	6	0	2	2.8540231021525755
6	4	0	2	-2.8540231021525755
4	6	2	0	-2.8540231021525755
6	4	2	0	2.8540231021525755
4	6	0	3	6.325528372825498
6	4	0	3	-6.325528372825498
4	6	3	0	-6.325528372825498
6	4	3	0	6.325528372825498
4	6	0	4	6.310954426873952
6	4	0	4	-6.310954426873952
4	6	4	0	-6.310954426873952
6	4	4	0	6.310954426873952
4	6	0	5	6.009377411854868
6	4	0	5	-6.009377411854868
4	6	5	0	-6.009377411854868
6	4	5	0	6.009377411854868
4	6	0	6	3.2768694839711876
6	4	0	6	-3.2768694839711876
4	6	6	0	-3.2768694839711876
6	4	6	0	3.2768694839711876
4	6	0	7	3.9305350079287926
6	4	0	7	-3.9305350079287926
4	6	7	0	-3.9305350079287926
6	4	7	0	3.9305350079287926
4	6	1	2	0.7198950614736235
6	4	1	2	-0.7198950614736235
4	6	2	1	-0.7198950614736235
6	4	2	1	0.7198950614736235
4	6	1	3	1.1052076391165504
6	4	1	3	-1.1052076391165504
4	6	3	1	-1.1052076391165504
6	4	3	1	1.1052076391165504
4	6	1	4	2.030484708663628
6	4	1	4	-2.030484708663628
4	6	4	1	-2.030484708663628
6	4	4	1	2.030484708663628
4	6	1	5	-0.04202386245763656
6	4	1	5	0.04202386245763656
4	6	5	1	0.04202386245763656
6	4	5	1	-0.04202386245763656
4	6	1	6	1.3644949877503796
6	4	1	6	-1.3644949877503796
4	6	6	1	-1.3644949877503796
6	4	6	1	1.3644949877503796
4	6	1	7	3.97767230528358
6	4	1	7	-3.97767230528358
4	6	7	1	-3.97767230528358
6	4	7	1	3.97767230528358
4	6	2	3	6.664396620447373
6	4	2	3	-6.664396620447373
4	6	3	2	-6.664396620447373
6	4	3	2	6.664396620447373
4	6	2	4	0.11287505057754742
6	4	2	4	-0.11287505057754742
4	6	4	2	-0.11287505057754742
6	4	4	2	0.11287505057754742
4	6	2	5	0.192719671748026
6	4	2	5	-0.192719671748026
4	6	5	2	-0.192719671748026
6	4	5	2	0.192719671748026
4	6	2	6	2.070617199202589
6	4	2	6	-2.070617199202589
4	6	6	2	-2.070617199202589
6	4	6	2	2.070617199202589
4	6	2	7	7.840887749190813
6	4	2	7	-7.840887749190813
4	6	7	2	-7.840887749190813
6	4	7	2	7.840887749190813
4	6	3	4	0.1974839795264238
6	4	3	4	-0.1974839795264238
4	6	4	3	-0.1974839795264238
6	4	4	3	0.1974839795264238
4	6	3	5	0.09196413499888435
6	4	3	5	-0.09196413499888435
4	6	5	3	-0.09196413499888435
6	4	5	3	0.09196413499888435
4	6	3	6	6.241511518506653
6	4	3	6	-6.241511518506653
4	6	6	3	-6.241511518506653
6	4	6	3	6.241511518506653
4	6	3	7	-0.11627800552005335
6	4	3	7	0.11627800552005335
4	6	7	3	0.11627800552005335
6	4	7	3	-0.11627800552005335
4	6	4	5	0.26402456452912915
6	4	4	5	-0.26402456452912915
4	6	5	4	-0.26402456452912915
6	4	5	4	0.26402456452912915
4	6	4	6	0.050031282924465924
6	4	4	6	-0.050031282924465924
4	6	6	4	-0.050031282924465924
6	4	6	4	0.050031282924465924
4	6	4	7	-0.20536063789437303
6	4	4	7	0.20536063789437303
4	6	7	4	0.20536063789437303
6	4	7	4	-0.20536063789437303
4	6	5	6	-0.07627566182590569
6	4	5	6	0.07627566182590569
4	6	6	5	0.07627566182590569
6	4	6	5	-0.07627566182590569
4	6	5	7	-0.05284950925808619
6	4	5	7	0.05284950925808619
4	6	7	5	0.05284950925808619
6	4	7	5	-0.05284950925808619
4	6	6	7	3.374965615754547
6	4	6	7	-3.374965615754547
4	6	7	6	-3.374965615754547
6	4	7	6	3.374965615754547
4	7	0	1	4.514168999180811
7	4	0	1	-4.514168999180811
4	7	1	0	-4.514168999180811
7	4	1	0	4.514168999180811
4	7	0	2	4.367148334093445
7	4	0	2	-4.367148334093445
4	7	2	0	-4.367148334093445
7	4	2	0	4.367148334093445
4	7	0	3	4.352296068426402
7	4	0	3	-4.352296068426402
4	7	3	0	-4.352296068426402
7	4	3	0	4.352296068426402
4	7	0	4	6.803929702460312
7	4	0	4	-6.803929702460312
4	7	4	0	-6.803929702460312
7	4	4	0	6.803929702460312
4	7	0	5	5.201519687285975
7	4	0	5	-5.201519687285975
4	7	5	0	-5.201519687285975
7	4	5	0	5.201519687285975
4	7	0	6	2.745520458053202
7	4	0	6	-2.745520458053202
4	7	6	0	-2.745520458053202
7	4	6	0	2.745520458053202
4	7	0	7	3.6393119009961774
7	4	0	7	-3.6393119009961774
4	7	7	0	-3.6393119009961774
7	4	7	0	3.6393119009961774
4	7	1	2	0.6710965846083228
7	4	1	2	-0.6710965846083228
4	7	2	1	-0.6710965846083228
7	4	2	1	0.6710965846083228
4	7	1	3	0.9689533076605374
7	4	1	3	-0.9689533076605374
4	7	3	1	-0.9689533076605374
7	4	3	1	0.9689533076605374
4	7	1	4	1.847092744604201
7	4	1	4	-1.847092744604201
4	7	4	1	-1.847092744604201
7	4	4	1	1.847092744604201
4	7	1	5	-0.1343185745443586
7	4	1	5	0.1343185745443586
4	7	5	1	0.1343185745443586
7	4	5	1	-0.1343185745443586
4	7	1	6	1.4477407786984104
7	4	1	6	-1.4477407786984104
4	7	6	1	-1.4477407786984104
7	4	6	1	1.4477407786984104
4	7	1	7	3.453317471213916
7	4	1	7	-3.453317471213916
4	7	7	1	-3.453317471213916
7	4	7	1	3.453317471213916
4	7	2	3	5.14358940040271
7	4	2	3	-5.14358940040271
4	7	3	2	-5.14358940040271
7	4	3	2	5.14358940040271
4	7	2	4	-0.014384197240217026
7	4	2	4	0.014384197240217026
4	7	4	2	0.014384197240217026
7	4	4	2	-0.014384197240217026
4	7	2	5	0.22380196751674472
7	4	2	5	-0.22380196751674472
4	7	5	2	-0.22380196751674472
7	4	5	2	0.22380196751674472
4	7	2	6	3.041280907626275
7	4	2	6	-3.041280907626275
4	7	6	2	-3.041280907626275
7	4	6	2	3.041280907626275
4	7	2	7	9.12217451635628
7	4	2	7	-9.12217451635628
4	7	7	2	-9.12217451635628
7	4	7	2	9.12217451635628
4	7	3	4	0.1820694396791332
7	4	3	4	-0.1820694396791332
4	7	4	3	-0.1820694396791332
7	4	4	3	0.1820694396791332
4	7	3	5	0.1699286757928242
7	4	3	5	-0.1699286757928242
4	7	5	3	-0.1699286757928242
7	4	5	3	0.1699286757928242
4	7	3	6	7.578234959268357
7	4	3	6	-7.578234959268357
4	7	6	3	-7.578234959268357
7	4	6	3	7.578234959268357
4	7	3	7	0.02890659135882899
7	4	3	7	-0.02890659135882899
4	7	7	3	-0.02890659135882899
7	4	7	3	0.02890659135882899
4	7	4	5	-0.17545240291180336
7	4	4	5	0.17545240291180336
4	7	5	4	0.17545240291180336
7	4	5	4	-0.17545240291180336
4	7	4	6	-0.05819106819836192
7	4	4	6	0.05819106819836192
4	7	6	4	0.05819106819836192
7	4	6	4	-0.05819106819836192
4	7	4	7	-0.14125047944925417
7	4	4	7	0.14125047944925417
4	7	7	4	0.14125047944925417
7	4	7	4	-0.14125047944925417
4	7	5	6	-0.01188188965720459
7	4	5	6	0.01188188965720459
4	7	6	5	0.01188188965720459
7	4	6	5	-0.01188188965720459
4	7	5	7	-0.15228296251656548
7	4	5	7	0.15228296251656548
4	7	7	5	0.15228296251656548
7	4	7	5	-0.15228296251656548
4	7	6	7	4.152787707617256
7	4	6	7	-4.152787707617256
4	7	7	6	-4.152787707617256
7	4	7	6	4.152787707617256
5	6	0	1	4.557152024988615
6	5	0	1	-4.557152024988615
5	6	1	0	-4.557152024988615
6	5	1	0	4.557152024988615
5	6	0	2	3.9337929533804887
6	5	0	2	-3.9337929533804887
5	6	2	0	-3.9337929533804887
6	5	2	0	3.9337929533804887
5	6	0	3	6.077105979419006
6	5	0	3	-6.077105979419006
5	6	3	0	-6.077105979419006
6	5	3	0	6.077105979419006
5	6	0	4	4.969517570386609
6	5	0	4	-4.969517570386609
5	6	4	0	-4.969517570386609
6	5	4	0	4.969517570386609
5	6	0	5	6.761177915738006
6	5	0	5	-6.761177915738006
5	6	5	0	-6.761177915738006
6	5	5	0	6.761177915738006
5	6	0	6	2.9384245741348365
6	5	0	6	-2.9384245741348365
5	6	6	0	-2.9384245741348365
6	5	6	0	2.9384245741348365
5	6	0	7	4.094894767080664
6	5	0	7	-4.094894767080664
5	6	7	0	-4.094894767080664
6	5	7	0	4.094894767080664
5	6	1	2	0.621037676213171
6	5	1	2	-0.621037676213171
5	6	2	1	-0.621037676213171
6	5	2	1	0.621037676213171
5	6	1	3	0.9355759701840095
6	5	1	3	-0.9355759701840095
5	6	3	1	-0.9355759701840095
6	5	3	1	0.9355759701840095
5	6	1	4	2.348477853466659
6	5	1	4	-2.348477853466659
5	6	4	1	-2.348477853466659
6	5	4	1	2.348477853466659
5	6	1	5	0.1470383619973813
6	5	1	5	-0.1470383619973813
5	6	5	1	-0.1470383619973813
6	5	5	1	0.1470383619973813
5	6	1	6	1.2729617758835343
6	5	1	6	-1.2729617758835343
5	6	6	1	-1.2729617758835343
6	5	6	1	1.2729617758835343
5	6	1	7	3.982594165430809
6	5	1	7	-3.982594165430809
5	6	7	1	-3.982594165430809
6	5	7	1	3.982594165430809
5	6	2	3	6.635082053408212
6	5	2	3	-6.635082053408212
5	6	3	2	-6.635082053408212
6	5	3	2	6.635082053408212
5	6	2	4	0.22424233776140828
6	5	2	4	-0.22424233776140828
5	6	4	2	-0.22424233776140828
6	5	4	2	0.22424233776140828
5	6	2	5	0.20965466463151888
6	5	2	5	-0.20965466463151888
5	6	5	2	-0.20965466463151888
6	5	5	2	0.20965466463151888
5	6	2	6	3.0697694344545274
6	5	2	6	-3.0697694344545274
5	6	6	2	-3.0697694344545274
6	5	6	2	3.0697694344545274
5	6	2	7	8.698583281922748
6	5	2	7	-8.698583281922748
5	6	7	2	-8.698583281922748
6	5	7	2	8.698583281922748
5	6	3	4	0.2251219236737901
6	5	3	4	-0.2251219236737901
5	6	4	3	-0.2251219236737901
6	5	4	3	0.2251219236737901
5	6	3	5	0.01331783591411756
6	5	3	5	-0.01331783591411756
5	6	5	3	-0.01331783591411756
6	5	5	3	0.01331783591411756
5	6	3	6	7.2296625754371195
6	5	3	6	-7.2296625754371195
5	6	6	3	-7.2296625754371195
6	5	6	3	7.2296625754371195
5	6	3	7	-0.10031051823947446
6	5	3	7	0.10031051823947446
5	6	7	3	0.10031051823947446
6	5	7	3	-0.10031051823947446
5	6	4	5	0.22187914994652091
6	5	4	5	-0.22187914994652091
5	6	5	4	-0.22187914994652091
6	5	5	4	0.22187914994652091
5	6	4	6	0.1993120317127729
6	5	4	6	-0.1993120317127729
5	6	6	4	-0.1993120317127729
6	5	6	4	0.1993120317127729
5	6	4	7	0.16136389546981775
6	5	4	7	-0.16136389546981775
5	6	7	4	-0.16136389546981775
6	5	7	4	0.16136389546981775
5	6	5	6	0.17841157905487876
6	5	5	6	-0.17841157905487876
5	6	6	5	-0.17841157905487876
6	5	6	5	0.17841157905487876
5	6	5	7	0.15206148318919094
6	5	5	7	-0.15206148318919094
5	6	7	5	-0.15206148318919094
6	5	7	5	0.15206148318919094
5	6	6	7	3.257602014491419
6	5	6	7	-3.257602014491419
5	6	7	6	-3.257602014491419
6	5	7	6	3.257602014491419
5	7	0	1	4.503183518298601
7	5	0	1	-4.503183518298601
5	7	1	0	-4.503183518298601
7	5	1	0	4.503183518298601
5	7	0	2	4.835893078729367
7	5	0	2	-4.835893078729367
5	7	2	0	-4.835893078729367
7	5	2	0	4.835893078729367
5	7	0	3	4.40099872871812
7	5	0	3	-4.40099872871812
5	7	3	0	-4.40099872871812
7	5	3	0	4.40099872871812
5	7	0	4	5.258573397843172
7	5	0	4	-5.258573397843172
5	7	4	0	-5.258573397843172
7	5	4	0	5.258573397843172
5	7	0	5	6.179908405375437
7	5	0	5	-6.179908405375437
5	7	5	0	-6.179908405375437
7	5	5	0	6.179908405375437
5	7	0	6	2.6785823106592117
7	5	0	6	-2.6785823106592117
5	7	6	0	-2.6785823106592117
7	5	6	0	2.6785823106592117
5	7	0	7	4.18867601364392
7	5	0	7	-4.18867601364392
5	7	7	0	-4.18867601364392
7	5	7	0	4.18867601364392
5	7	1	2	0.520924661339657
7	5	1	2	-0.520924661339657
5	7	2	1	-0.520924661339657
7	5	2	1	0.520924661339657
5	7	1	3	1.0938849798074763
7	5	1	3	-1.0938849798074763
5	7	3	1	-1.0938849798074763
7	5	3	1	1.0938849798074763
5	7	1	4	2.068810537807503
7	5	1	4	-2.068810537807503
5	7	4	1	-2.068810537807503
7	5	4	1	2.068810537807503
5	7	1	5	-0.04696014959324253
7	5	1	5	0.04696014959324253
5	7	5	1	0.04696014959324253
7	5	5	1	-0.04696014959324253
5	7	1	6	1.3316731984995842
7	5	1	6	-1.3316731984995842
5	7	6	1	-1.3316731984995842
7	5	6	1	1.3316731984995842
5	7	1	7	3.699236270175339
7	5	1	7	-3.699236270175339
5	7	7	1	-3.699236270175339
7	5	7	1	3.699236270175339
5	7	2	3	7.018465977143743
7	5	2	3	-7.018465977143743
5	7	3	2	-7.018465977143743
7	5	3	2	7.018465977143743
5	7	2	4	0.181971892891636
7	5	2	4	-0.181971892891636
5	7	4	2	-0.181971892891636
7	5	4	2	0.181971892891636
5	7	2	5	0.1520927991649717
7	5	2	5	-0.1520927991649717
5	7	5	2	-0.1520927991649717
7	5	5	2	0.1520927991649717
5	7	2	6	2.972361946008675
7	5	2	6	-2.972361946008675
5	7	6	2	-2.972361946008675
7	5	6	2	2.972361946008675
5	7	2	7	9.330011048030952
7	5	2	7	-9.330011048030952
5	7	7	2	-9.330011048030952
7	5	7	2	9.330011048030952
5	7	3	4	0.17972852243744017
7	5	3	4	-0.17972852243744017
5	7	4	3	-0.17972852243744017
7	5	4	3	0.17972852243744017
5	7	3	5	0.22026782204262385
7	5	3	5	-0.22026782204262385
5	7	5	3	-0.22026782204262385
7	5	5	3	0.22026782204262385
5	7	3	6	7.01623279670332
7	5	3	6	-7.01623279670332
5	7	6	3	-7.01623279670332
7	5	6	3	7.01623279670332
5	7	3	7	-0.09529298005061322
7	5	3	7	0.09529298005061322
5	7	7	3	0.09529298005061322
7	5	7	3	-0.09529298005061322
5	7	4	5	-0.045730067564811246
7	5	4	5	0.045730067564811246
5	7	5	4	0.045730067564811246
7	5	5	4	-0.045730067564811246
5	7	4	6	0.016694388213552094
7	5	4	6	-0.016694388213552094
5	7	6	4	-0.016694388213552094
7	5	6	4	0.016694388213552094
5	7	4	7	0.15102504845917805
7	5	4	7	-0.15102504845917805
5	7	7	4	-0.15102504845917805
7	5	7	4	0.15102504845917805
5	7	5	6	0.08057001080268747
7	5	5	6	-0.08057001080268747
5	7	6	5	-0.08057001080268747
7	5	6	5	0.08057001080268747
5	7	5	7	-0.07937291452528364
7	5	5	7	0.07937291452528364
5	7	7	5	0.07937291452528364
7	5	7	5	-0.07937291452528364
5	7	6	7	3.7046426374694623
7	5	6	7	-3.7046426374694623
5	7	7	6	-3.7046426374694623
7	5	7	6	3.7046426374694623
6	7	0	1	3.7644849436787657
7	6	0	1	-3.7644849436787657
6	7	1	0	-3.7644849436787657
7	6	1	0	3.7644849436787657
6	7	0	2	4.030069086436798
7	6	0	2	-4.030069086436798
6	7	2	0	-4.030069086436798
7	6	2	0	4.030069086436798
6	7	0	3	4.1538701092638055
7	6	0	3	-4.1538701092638055
6	7	3	0	-4.1538701092638055
7	6	3	0	4.1538701092638055
6	7	0	4	5.433632598261202
7	6	0	4	-5.433632598261202
6	7	4	0	-5.433632598261202
7	6	4	0	5.433632598261202
6	7	0	5	5.793565846810322
7	6	0	5	-5.793565846810322
6	7	5	0	-5.793565846810322
7	6	5	0	5.793565846810322
6	7	0	6	3.168773757882935
7	6	0	6	-3.168773757882935
6	7	6	0	-3.168773757882935
7	6	6	0	3.168773757882935
6	7	0	7	4.466294687630529
7	6	0	7	-4.466294687630529
6	7	7	0	-4.466294687630529
7	6	7	0	4.466294687630529
6	7	1	2	0.5544950929387434
7	6	1	2	-0.5544950929387434
6	7	2	1	-0.5544950929387434
7	6	2	1	0.5544950929387434
6	7	1	3	0.9426322032921934
7	6	1	3	-0.9426322032921934
6	7	3	1	-0.9426322032921934
7	6	3	1	0.9426322032921934
6	7	1	4	2.2352423352839557
7	6	1	4	-2.2352423352839557
6	7	4	1	-2.2352423352839557
7	6	4	1	2.2352423352839557
6	7	1	5	0.031165222784107497
7	6	1	5	-0.031165222784107497
6	7	5	1	-0.031165222784107497
7	6	5	1	0.031165222784107497
6	7	1	6	1.2044833468837801
7	6	1	6	-1.2044833468837801
6	7	6	1	-1.2044833468837801
7	6	6	1	1.2044833468837801
6	7	1	7	3.8270116044151505
7	6	1	7	-3.8270116044151505
6	7	7	1	-3.8270116044151505
7	6	7	1	3.8270116044151505
6	7	2	3	6.113110944099733
7	6	2	3	-6.113110944099733
6	7	3	2	-6.113110944099733
7	6	3	2	6.113110944099733
6	7	2	4	0.03584165680450903
7	6	2	4	-0.03584165680450903
6	7	4	2	-0.03584165680450903
7	6	4	2	0.03584165680450903
6	7	2	5	0.23364854117747083
7	6	2	5	-0.23364854117747083
6	7	5	2	-0.23364854117747083
7	6	5	2	0.23364854117747083
6	7	2	6	2.9069325448177943
7	6	2	6	-2.9069325448177943
6	7	6	2	-2.9069325448177943
7	6	6	2	2.9069325448177943
6	7	2	7	7.521263855355884
7	6	2	7	-7.521263855355884
6	7	7	2	-7.521263855355884
7	6	7	2	7.521263855355884
6	7	3	4	0.13147792108243184
7	6	3	4	-0.13147792108243184
6	7	4	3	-0.13147792108243184
7	6	4	3	0.13147792108243184
6	7	3	5	0.03912253911222711
7	6	3	5	-0.03912253911222711
6	7	5	3	-0.03912253911222711
7	6	5	3	0.03912253911222711
6	7	3	6	8.377292803998408
7	6	3	6	-8.377292803998408
6	7	6	3	-8.377292803998408
7	6	6	3	8.377292803998408
6	7	3	7	0.04515369849156223
7	6	3	7	-0.04515369849156223
6	7	7	3	-0.04515369849156223
7	6	7	3	0.04515369849156223
6	7	4	5	-0.049397356697781176
7	6	4	5	0.049397356697781176
6	7	5	4	0.049397356697781176
7	6	5	4	-0.049397356697781176
6	7	4	6	-0.06115703380325493
7	6	4	6	0.06115703380325493
6	7	6	4	0.06115703380325493
7	6	6	4	-0.06115703380325493
6	7	4	7	-0.05740286076758741
7	6	4	7	0.05740286076758741
6	7	7	4	0.05740286076758741
7	6	7	4	-0.05740286076758741
6	7	5	6	0.030695749716189488
7	6	5	6	-0.030695749716189488
6	7	6	5	-0.030695749716189488
7	6	6	5	0.030695749716189488
6	7	5	7	-0.02320058480631642
7	6	5	7	0.02320058480631642
6	7	7	5	0.02320058480631642
7	6	7	5	-0.02320058480631642
6	7	6	7	4.492845123341385
7	6	6	7	-4.492845123341385
6	7	7	6	-4.492845123341385
7	6	7	6	4.492845123341385
