0	1	0	1	5.543182331523445
1	0	0	1	-5.543182331523445
0	1	1	0	-5.543182331523445
1	0	1	0	5.543182331523445
0	1	0	2	5.626349422582684
1	0	0	2	-5.626349422582684
0	1	2	0	-5.626349422582684
1	0	2	0	5.626349422582684
0	1	0	3	7.533823048983627
1	0	0	3	-7.533823048983627
0	1	3	0	-7.533823048983627
1	0	3	0	7.533823048983627
0	1	0	4	9.542876286524145
1	0	0	4	-9.542876286524145
0	1	4	0	-9.542876286524145
1	0	4	0	9.542876286524145
0	1	0	5	7.4472889584724005
1	0	0	5	-7.4472889584724005
0	1	5	0	-7.4472889584724005
1	0	5	0	7.4472889584724005
0	1	0	6	2.890650511214957
1	0	0	6	-2.890650511214957
0	1	6	0	-2.890650511214957
1	0	6	0	2.890650511214957
0	1	0	7	3.6471902936391407
1	0	0	7	-3.6471902936391407
0	1	7	0	-3.6471902936391407
1	0	7	0	3.6471902936391407
0	1	1	2	0.7865560056421232
1	0	1	2	-0.7865560056421232
0	1	2	1	-0.7865560056421232
1	0	2	1	0.7865560056421232
0	1	1	3	1.6845450865277634
1	0	1	3	-1.6845450865277634
0	1	3	1	-1.6845450865277634
1	0	3	1	1.6845450865277634
0	1	1	4	3.164873203278705
1	0	1	4	-3.164873203278705
0	1	4	1	-3.164873203278705
1	0	4	1	3.164873203278705
0	1	1	5	0.0
1	0	1	5	-0.0
0	1	5	1	-0.0
1	0	5	1	0.0
0	1	1	6	1.484393005454573
1	0	1	6	-1.484393005454573
0	1	6	1	-1.484393005454573
1	0	6	1	1.484393005454573
0	1	1	7	3.7019632376846316
1	0	1	7	-3.7019632376846316
0	1	7	1	-3.7019632376846316
1	0	7	1	3.7019632376846316
0	1	2	3	10.108540998050653
1	0	2	3	-10.108540998050653
0	1	3	2	-10.108540998050653
1	0	3	2	10.108540998050653
0	1	2	4	0.0
1	0	2	4	-0.0
0	1	4	2	-0.0
1	0	4	2	0.0
0	1	2	5	0.0
1	0	2	5	-0.0
0	1	5	2	-0.0
1	0	5	2	0.0
0	1	2	6	3.7153950909427955
1	0	2	6	-3.7153950909427955
0	1	6	2	-3.7153950909427955
1	0	6	2	3.7153950909427955
0	1	2	7	8.150132276247486
1	0	2	7	-8.150132276247486
0	1	7	2	-8.150132276247486
1	0	7	2	8.150132276247486
0	1	3	4	0.0
1	0	3	4	-0.0
0	1	4	3	-0.0
1	0	4	3	0.0
0	1	3	5	0.0
1	0	3	5	-0.0
0	1	5	3	-0.0
1	0	5	3	0.0
0	1	3	6	8.118891878433367
1	0	3	6	-8.118891878433367
0	1	6	3	-8.118891878433367
1	0	6	3	8.118891878433367
0	1	3	7	0.0
1	0	3	7	-0.0
0	1	7	3	-0.0
1	0	7	3	0.0
0	1	4	5	0.0
1	0	4	5	-0.0
0	1	5	4	-0.0
1	0	5	4	0.0
0	1	4	6	0.0
1	0	4	6	-0.0
0	1	6	4	-0.0
1	0	6	4	0.0
0	1	4	7	0.0
1	0	4	7	-0.0
0	1	7	4	-0.0
1	0	7	4	0.0
0	1	5	6	0.0
1	0	5	6	-0.0
0	1	6	5	-0.0
1	0	6	5	0.0
0	1	5	7	0.0
1	0	5	7	-0.0
0	1	7	5	-0.0
1	0	7	5	0.0
0	1	6	7	3.671886509980305
1	0	6	7	-3.671886509980305
0	1	7	6	-3.671886509980305
1	0	7	6	3.671886509980305
0	2	0	1	5.6029338939976165
2	0	0	1	-5.6029338939976165
0	2	1	0	-5.6029338939976165
2	0	1	0	5.6029338939976165
0	2	0	2	7.153190477499514
2	0	0	2	-7.153190477499514
0	2	2	0	-7.153190477499514
2	0	2	0	7.153190477499514
0	2	0	3	6.848024282969531
2	0	0	3	-6.848024282969531
0	2	3	0	-6.848024282969531
2	0	3	0	6.848024282969531
0	2	0	4	8.745694044856405
2	0	0	4	-8.745694044856405
0	2	4	0	-8.745694044856405
2	0	4	0	8.745694044856405
0	2	0	5	9.401569910573356
2	0	0	5	-9.401569910573356
0	2	5	0	-9.401569910573356
2	0	5	0	9.401569910573356
0	2	0	6	3.0501314358639027
2	0	0	6	-3.0501314358639027
0	2	6	0	-3.0501314358639027
2	0	6	0	3.0501314358639027
0	2	0	7	3.5953751762184463
2	0	0	7	-3.5953751762184463
0	2	7	0	-3.5953751762184463
2	0	7	0	3.5953751762184463
0	2	1	2	0.6972552995553668
2	0	1	2	-0.6972552995553668
0	2	2	1	-0.6972552995553668
2	0	2	1	0.6972552995553668
0	2	1	3	1.4303753834623412
2	0	1	3	-1.4303753834623412
0	2	3	1	-1.4303753834623412
2	0	3	1	1.4303753834623412
0	2	1	4	3.0615262683383078
2	0	1	4	-3.0615262683383078
0	2	4	1	-3.0615262683383078
2	0	4	1	3.0615262683383078
0	2	1	5	0.0
2	0	1	5	-0.0
0	2	5	1	-0.0
2	0	5	1	0.0
0	2	1	6	1.4824591867257608
2	0	1	6	-1.4824591867257608
0	2	6	1	-1.4824591867257608
2	0	6	1	1.4824591867257608
0	2	1	7	3.2718224448389672
2	0	1	7	-3.2718224448389672
0	2	7	1	-3.2718224448389672
2	0	7	1	3.2718224448389672
0	2	2	3	9.533964111975612
2	0	2	3	-9.533964111975612
0	2	3	2	-9.533964111975612
2	0	3	2	9.533964111975612
0	2	2	4	0.0
2	0	2	4	-0.0
0	2	4	2	-0.0
2	0	4	2	0.0
0	2	2	5	0.0
2	0	2	5	-0.0
0	2	5	2	-0.0
2	0	5	2	0.0
0	2	2	6	3.275036320828333
2	0	2	6	-3.275036320828333
0	2	6	2	-3.275036320828333
2	0	6	2	3.275036320828333
0	2	2	7	8.714483552867492
2	0	2	7	-8.714483552867492
0	2	7	2	-8.714483552867492
2	0	7	2	8.714483552867492
0	2	3	4	0.0
2	0	3	4	-0.0
0	2	4	3	-0.0
2	0	4	3	0.0
0	2	3	5	0.0
2	0	3	5	-0.0
0	2	5	3	-0.0
2	0	5	3	0.0
0	2	3	6	7.213604799560404
2	0	3	6	-7.213604799560404
0	2	6	3	-7.213604799560404
2	0	6	3	7.213604799560404
0	2	3	7	0.0
2	0	3	7	-0.0
0	2	7	3	-0.0
2	0	7	3	0.0
0	2	4	5	0.0
2	0	4	5	-0.0
0	2	5	4	-0.0
2	0	5	4	0.0
0	2	4	6	0.0
2	0	4	6	-0.0
0	2	6	4	-0.0
2	0	6	4	0.0
0	2	4	7	0.0
2	0	4	7	-0.0
0	2	7	4	-0.0
2	0	7	4	0.0
0	2	5	6	0.0
2	0	5	6	-0.0
0	2	6	5	-0.0
2	0	6	5	0.0
0	2	5	7	0.0
2	0	5	7	-0.0
0	2	7	5	-0.0
2	0	7	5	0.0
0	2	6	7	3.3996847456760966
2	0	6	7	-3.3996847456760966
0	2	7	6	-3.3996847456760966
2	0	7	6	3.3996847456760966
0	3	0	1	5.55722011885546
3	0	0	1	-5.55722011885546
0	3	1	0	-5.55722011885546
3	0	1	0	5.55722011885546
0	3	0	2	7.434028795069346
3	0	0	2	-7.434028795069346
0	3	2	0	-7.434028795069346
3	0	2	0	7.434028795069346
0	3	0	3	8.113917677880716
3	0	0	3	-8.113917677880716
0	3	3	0	-8.113917677880716
3	0	3	0	8.113917677880716
0	3	0	4	9.050358703342646
3	0	0	4	-9.050358703342646
0	3	4	0	-9.050358703342646
3	0	4	0	9.050358703342646
0	3	0	5	8.770218114061517
3	0	0	5	-8.770218114061517
0	3	5	0	-8.770218114061517
3	0	5	0	8.770218114061517
0	3	0	6	2.982920307393804
3	0	0	6	-2.982920307393804
0	3	6	0	-2.982920307393804
3	0	6	0	2.982920307393804
0	3	0	7	4.394535893215282
3	0	0	7	-4.394535893215282
0	3	7	0	-4.394535893215282
3	0	7	0	4.394535893215282
0	3	1	2	0.7972322006008441
3	0	1	2	-0.7972322006008441
0	3	2	1	-0.7972322006008441
3	0	2	1	0.7972322006008441
0	3	1	3	1.5387607856593564
3	0	1	3	-1.5387607856593564
0	3	3	1	-1.5387607856593564
3	0	3	1	1.5387607856593564
0	3	1	4	2.6873921486949226
3	0	1	4	-2.6873921486949226
0	3	4	1	-2.6873921486949226
3	0	4	1	2.6873921486949226
0	3	1	5	0.0
3	0	1	5	-0.0
0	3	5	1	-0.0
3	0	5	1	0.0
0	3	1	6	1.3914968955682185
3	0	1	6	-1.3914968955682185
0	3	6	1	-1.3914968955682185
3	0	6	1	1.3914968955682185
0	3	1	7	3.420920614762135
3	0	1	7	-3.420920614762135
0	3	7	1	-3.420920614762135
3	0	7	1	3.420920614762135
0	3	2	3	8.443619462959848
3	0	2	3	-8.443619462959848
0	3	3	2	-8.443619462959848
3	0	3	2	8.443619462959848
0	3	2	4	0.0
3	0	2	4	-0.0
0	3	4	2	-0.0
3	0	4	2	0.0
0	3	2	5	0.0
3	0	2	5	-0.0
0	3	5	2	-0.0
3	0	5	2	0.0
0	3	2	6	2.5887685114639263
3	0	2	6	-2.5887685114639263
0	3	6	2	-2.5887685114639263
3	0	6	2	2.5887685114639263
0	3	2	7	8.396640843124707
3	0	2	7	-8.396640843124707
0	3	7	2	-8.396640843124707
3	0	7	2	8.396640843124707
0	3	3	4	0.0
3	0	3	4	-0.0
0	3	4	3	-0.0
3	0	4	3	0.0
0	3	3	5	0.0
3	0	3	5	-0.0
0	3	5	3	-0.0
3	0	5	3	0.0
0	3	3	6	7.008335140254223
3	0	3	6	-7.008335140254223
0	3	6	3	-7.008335140254223
3	0	6	3	7.008335140254223
0	3	3	7	0.0
3	0	3	7	-0.0
0	3	7	3	-0.0
3	0	7	3	0.0
0	3	4	5	0.0
3	0	4	5	-0.0
0	3	5	4	-0.0
3	0	5	4	0.0
0	3	4	6	0.0
3	0	4	6	-0.0
0	3	6	4	-0.0
3	0	6	4	0.0
0	3	4	7	0.0
3	0	4	7	-0.0
0	3	7	4	-0.0
3	0	7	4	0.0
0	3	5	6	0.0
3	0	5	6	-0.0
0	3	6	5	-0.0
3	0	6	5	0.0
0	3	5	7	0.0
3	0	5	7	-0.0
0	3	7	5	-0.0
3	0	7	5	0.0
0	3	6	7	3.721164394471041
3	0	6	7	-3.721164394471041
0	3	7	6	-3.721164394471041
3	0	7	6	3.721164394471041
0	4	0	1	4.490971866041341
4	0	0	1	-4.490971866041341
0	4	1	0	-4.490971866041341
4	0	1	0	4.490971866041341
0	4	0	2	6.412102451258202
4	0	0	2	-6.412102451258202
0	4	2	0	-6.412102451258202
4	0	2	0	6.412102451258202
0	4	0	3	7.3484312578316855
4	0	0	3	-7.3484312578316855
0	4	3	0	-7.3484312578316855
4	0	3	0	7.3484312578316855
0	4	0	4	6.695552904264876
4	0	0	4	-6.695552904264876
0	4	4	0	-6.695552904264876
4	0	4	0	6.695552904264876
0	4	0	5	8.754944083471596
4	0	0	5	-8.754944083471596
0	4	5	0	-8.754944083471596
4	0	5	0	8.754944083471596
0	4	0	6	3.385256177747952
4	0	0	6	-3.385256177747952
0	4	6	0	-3.385256177747952
4	0	6	0	3.385256177747952
0	4	0	7	3.3666452744179796
4	0	0	7	-3.3666452744179796
0	4	7	0	-3.3666452744179796
4	0	7	0	3.3666452744179796
0	4	1	2	0.6947515563660752
4	0	1	2	-0.6947515563660752
0	4	2	1	-0.6947515563660752
4	0	2	1	0.6947515563660752
0	4	1	3	1.4888396678527427
4	0	1	3	-1.4888396678527427
0	4	3	1	-1.4888396678527427
4	0	3	1	1.4888396678527427
0	4	1	4	3.2233886196859745
4	0	1	4	-3.2233886196859745
0	4	4	1	-3.2233886196859745
4	0	4	1	3.2233886196859745
0	4	1	5	0.0
4	0	1	5	-0.0
0	4	5	1	-0.0
4	0	5	1	0.0
0	4	1	6	1.341878998277212
4	0	1	6	-1.341878998277212
0	4	6	1	-1.341878998277212
4	0	6	1	1.341878998277212
0	4	1	7	3.9958847469581285
4	0	1	7	-3.9958847469581285
0	4	7	1	-3.9958847469581285
4	0	7	1	3.9958847469581285
0	4	2	3	9.76933450746506
4	0	2	3	-9.76933450746506
0	4	3	2	-9.76933450746506
4	0	3	2	9.76933450746506
0	4	2	4	0.0
4	0	2	4	-0.0
0	4	4	2	-0.0
4	0	4	2	0.0
0	4	2	5	0.0
4	0	2	5	-0.0
0	4	5	2	-0.0
4	0	5	2	0.0
0	4	2	6	2.76740539745223
4	0	2	6	-2.76740539745223
0	4	6	2	-2.76740539745223
4	0	6	2	2.76740539745223
0	4	2	7	6.919524075951676
4	0	2	7	-6.919524075951676
0	4	7	2	-6.919524075951676
4	0	7	2	6.919524075951676
0	4	3	4	0.0
4	0	3	4	-0.0
0	4	4	3	-0.0
4	0	4	3	0.0
0	4	3	5	0.0
4	0	3	5	-0.0
0	4	5	3	-0.0
4	0	5	3	0.0
0	4	3	6	7.375087990689528
4	0	3	6	-7.375087990689528
0	4	6	3	-7.375087990689528
4	0	6	3	7.375087990689528
0	4	3	7	0.0
4	0	3	7	-0.0
0	4	7	3	-0.0
4	0	7	3	0.0
0	4	4	5	0.0
4	0	4	5	-0.0
0	4	5	4	-0.0
4	0	5	4	0.0
0	4	4	6	0.0
4	0	4	6	-0.0
0	4	6	4	-0.0
4	0	6	4	0.0
0	4	4	7	0.0
4	0	4	7	-0.0
0	4	7	4	-0.0
4	0	7	4	0.0
0	4	5	6	0.0
4	0	5	6	-0.0
0	4	6	5	-0.0
4	0	6	5	0.0
0	4	5	7	0.0
4	0	5	7	-0.0
0	4	7	5	-0.0
4	0	7	5	0.0
0	4	6	7	4.659820682692006
4	0	6	7	-4.659820682692006
0	4	7	6	-4.659820682692006
4	0	7	6	4.659820682692006
0	5	0	1	5.492942025790382
5	0	0	1	-5.492942025790382
0	5	1	0	-5.492942025790382
5	0	1	0	5.492942025790382
0	5	0	2	5.4448111774837
5	0	0	2	-5.4448111774837
0	5	2	0	-5.4448111774837
5	0	2	0	5.4448111774837
0	5	0	3	7.414061433611022
5	0	0	3	-7.414061433611022
0	5	3	0	-7.414061433611022
5	0	3	0	7.414061433611022
0	5	0	4	8.08106095975779
5	0	0	4	-8.08106095975779
0	5	4	0	-8.08106095975779
5	0	4	0	8.08106095975779
0	5	0	5	9.234519121187045
5	0	0	5	-9.234519121187045
0	5	5	0	-9.234519121187045
5	0	5	0	9.234519121187045
0	5	0	6	2.761206602030405
5	0	0	6	-2.761206602030405
0	5	6	0	-2.761206602030405
5	0	6	0	2.761206602030405
0	5	0	7	3.3109495442482415
5	0	0	7	-3.3109495442482415
0	5	7	0	-3.3109495442482415
5	0	7	0	3.3109495442482415
0	5	1	2	0.8372761657252662
5	0	1	2	-0.8372761657252662
0	5	2	1	-0.8372761657252662
5	0	2	1	0.8372761657252662
0	5	1	3	1.7445120099898483
5	0	1	3	-1.7445120099898483
0	5	3	1	-1.7445120099898483
5	0	3	1	1.7445120099898483
0	5	1	4	3.0250287006617085
5	0	1	4	-3.0250287006617085
0	5	4	1	-3.0250287006617085
5	0	4	1	3.0250287006617085
0	5	1	5	0.0
5	0	1	5	-0.0
0	5	5	1	-0.0
5	0	5	1	0.0
0	5	1	6	1.2906027067663157
5	0	1	6	-1.2906027067663157
0	5	6	1	-1.2906027067663157
5	0	6	1	1.2906027067663157
0	5	1	7	3.431859373831353
5	0	1	7	-3.431859373831353
0	5	7	1	-3.431859373831353
5	0	7	1	3.431859373831353
0	5	2	3	10.331789963069406
5	0	2	3	-10.331789963069406
0	5	3	2	-10.331789963069406
5	0	3	2	10.331789963069406
0	5	2	4	0.0
5	0	2	4	-0.0
0	5	4	2	-0.0
5	0	4	2	0.0
0	5	2	5	0.0
5	0	2	5	-0.0
0	5	5	2	-0.0
5	0	5	2	0.0
0	5	2	6	3.0070152741172644
5	0	2	6	-3.0070152741172644
0	5	6	2	-3.0070152741172644
5	0	6	2	3.0070152741172644
0	5	2	7	7.890019941130589
5	0	2	7	-7.890019941130589
0	5	7	2	-7.890019941130589
5	0	7	2	7.890019941130589
0	5	3	4	0.0
5	0	3	4	-0.0
0	5	4	3	-0.0
5	0	4	3	0.0
0	5	3	5	0.0
5	0	3	5	-0.0
0	5	5	3	-0.0
5	0	5	3	0.0
0	5	3	6	8.63409909602965
5	0	3	6	-8.63409909602965
0	5	6	3	-8.63409909602965
5	0	6	3	8.63409909602965
0	5	3	7	0.0
5	0	3	7	-0.0
0	5	7	3	-0.0
5	0	7	3	0.0
0	5	4	5	0.0
5	0	4	5	-0.0
0	5	5	4	-0.0
5	0	5	4	0.0
0	5	4	6	0.0
5	0	4	6	-0.0
0	5	6	4	-0.0
5	0	6	4	0.0
0	5	4	7	0.0
5	0	4	7	-0.0
0	5	7	4	-0.0
5	0	7	4	0.0
0	5	5	6	0.0
5	0	5	6	-0.0
0	5	6	5	-0.0
5	0	6	5	0.0
0	5	5	7	0.0
5	0	5	7	-0.0
0	5	7	5	-0.0
5	0	7	5	0.0
0	5	6	7	4.229155534606781
5	0	6	7	-4.229155534606781
0	5	7	6	-4.229155534606781
5	0	7	6	4.229155534606781
0	6	0	1	3.9524770101650324
6	0	0	1	-3.9524770101650324
0	6	1	0	-3.9524770101650324
6	0	1	0	3.9524770101650324
0	6	0	2	4.9202348031335985
6	0	0	2	-4.9202348031335985
0	6	2	0	-4.9202348031335985
6	0	2	0	4.9202348031335985
0	6	0	3	5.070087169275634
6	0	0	3	-5.070087169275634
0	6	3	0	-5.070087169275634
6	0	3	0	5.070087169275634
0	6	0	4	5.120104999031461
6	0	0	4	-5.120104999031461
0	6	4	0	-5.120104999031461
6	0	4	0	5.120104999031461
0	6	0	5	6.197069946209881
6	0	0	5	-6.197069946209881
0	6	5	0	-6.197069946209881
6	0	5	0	6.197069946209881
0	6	0	6	2.4341318767771756
6	0	0	6	-2.4341318767771756
0	6	6	0	-2.4341318767771756
6	0	6	0	2.4341318767771756
0	6	0	7	3.780665568959195
6	0	0	7	-3.780665568959195
0	6	7	0	-3.780665568959195
6	0	7	0	3.780665568959195
0	6	1	2	0.5553428437619328
6	0	1	2	-0.5553428437619328
0	6	2	1	-0.5553428437619328
6	0	2	1	0.5553428437619328
0	6	1	3	1.124502004096521
6	0	1	3	-1.124502004096521
0	6	3	1	-1.124502004096521
6	0	3	1	1.124502004096521
0	6	1	4	2.2369132331326247
6	0	1	4	-2.2369132331326247
0	6	4	1	-2.2369132331326247
6	0	4	1	2.2369132331326247
0	6	1	5	0.0
6	0	1	5	-0.0
0	6	5	1	-0.0
6	0	5	1	0.0
0	6	1	6	1.1851378027490918
6	0	1	6	-1.1851378027490918
0	6	6	1	-1.1851378027490918
6	0	6	1	1.1851378027490918
0	6	1	7	4.262718781314412
6	0	1	7	-4.262718781314412
0	6	7	1	-4.262718781314412
6	0	7	1	4.262718781314412
0	6	2	3	7.169897916174151
6	0	2	3	-7.169897916174151
0	6	3	2	-7.169897916174151
6	0	3	2	7.169897916174151
0	6	2	4	0.0
6	0	2	4	-0.0
0	6	4	2	-0.0
6	0	4	2	0.0
0	6	2	5	0.0
6	0	2	5	-0.0
0	6	5	2	-0.0
6	0	5	2	0.0
0	6	2	6	3.069392390248349
6	0	2	6	-3.069392390248349
0	6	6	2	-3.069392390248349
6	0	6	2	3.069392390248349
0	6	2	7	9.654677979436803
6	0	2	7	-9.654677979436803
0	6	7	2	-9.654677979436803
6	0	7	2	9.654677979436803
0	6	3	4	0.0
6	0	3	4	-0.0
0	6	4	3	-0.0
6	0	4	3	0.0
0	6	3	5	0.0
6	0	3	5	-0.0
0	6	5	3	-0.0
6	0	5	3	0.0
0	6	3	6	8.8742738443071
6	0	3	6	-8.8742738443071
0	6	6	3	-8.8742738443071
6	0	6	3	8.8742738443071
0	6	3	7	0.0
6	0	3	7	-0.0
0	6	7	3	-0.0
6	0	7	3	0.0
0	6	4	5	0.0
6	0	4	5	-0.0
0	6	5	4	-0.0
6	0	5	4	0.0
0	6	4	6	0.0
6	0	4	6	-0.0
0	6	6	4	-0.0
6	0	6	4	0.0
0	6	4	7	0.0
6	0	4	7	-0.0
0	6	7	4	-0.0
6	0	7	4	0.0
0	6	5	6	0.0
6	0	5	6	-0.0
0	6	6	5	-0.0
6	0	6	5	0.0
0	6	5	7	0.0
6	0	5	7	-0.0
0	6	7	5	-0.0
6	0	7	5	0.0
0	6	6	7	4.050776548084129
6	0	6	7	-4.050776548084129
0	6	7	6	-4.050776548084129
6	0	7	6	4.050776548084129
0	7	0	1	4.018614144331155
7	0	0	1	-4.018614144331155
0	7	1	0	-4.018614144331155
7	0	1	0	4.018614144331155
0	7	0	2	3.744657126794387
7	0	0	2	-3.744657126794387
0	7	2	0	-3.744657126794387
7	0	2	0	3.744657126794387
0	7	0	3	5.75539968027075
7	0	0	3	-5.75539968027075
0	7	3	0	-5.75539968027075
7	0	3	0	5.75539968027075
0	7	0	4	5.9632921104458845
7	0	0	4	-5.9632921104458845
0	7	4	0	-5.9632921104458845
7	0	4	0	5.9632921104458845
0	7	0	5	4.538324044403494
7	0	0	5	-4.538324044403494
0	7	5	0	-4.538324044403494
7	0	5	0	4.538324044403494
0	7	0	6	2.382291063086222
7	0	0	6	-2.382291063086222
0	7	6	0	-2.382291063086222
7	0	6	0	2.382291063086222
0	7	0	7	3.3443764544641486
7	0	0	7	-3.3443764544641486
0	7	7	0	-3.3443764544641486
7	0	7	0	3.3443764544641486
0	7	1	2	0.5653365532425879
7	0	1	2	-0.5653365532425879
0	7	2	1	-0.5653365532425879
7	0	2	1	0.5653365532425879
0	7	1	3	1.2453086467635706
7	0	1	3	-1.2453086467635706
0	7	3	1	-1.2453086467635706
7	0	3	1	1.2453086467635706
0	7	1	4	2.035803890270827
7	0	1	4	-2.035803890270827
0	7	4	1	-2.035803890270827
7	0	4	1	2.035803890270827
0	7	1	5	0.0
7	0	1	5	-0.0
0	7	5	1	-0.0
7	0	5	1	0.0
0	7	1	6	1.54985495109606
7	0	1	6	-1.54985495109606
0	7	6	1	-1.54985495109606
7	0	6	1	1.54985495109606
0	7	1	7	4.175814707760961
7	0	1	7	-4.175814707760961
0	7	7	1	-4.175814707760961
7	0	7	1	4.175814707760961
0	7	2	3	6.746683044361841
7	0	2	3	-6.746683044361841
0	7	3	2	-6.746683044361841
7	0	3	2	6.746683044361841
0	7	2	4	0.0
7	0	2	4	-0.0
0	7	4	2	-0.0
7	0	4	2	0.0
0	7	2	5	0.0
7	0	2	5	-0.0
0	7	5	2	-0.0
7	0	5	2	0.0
0	7	2	6	3.0307938664799425
7	0	2	6	-3.0307938664799425
0	7	6	2	-3.0307938664799425
7	0	6	2	3.0307938664799425
0	7	2	7	7.949663267245675
7	0	2	7	-7.949663267245675
0	7	7	2	-7.949663267245675
7	0	7	2	7.949663267245675
0	7	3	4	0.0
7	0	3	4	-0.0
0	7	4	3	-0.0
7	0	4	3	0.0
0	7	3	5	0.0
7	0	3	5	-0.0
0	7	5	3	-0.0
7	0	5	3	0.0
0	7	3	6	6.26113778724885
7	0	3	6	-6.26113778724885
0	7	6	3	-6.26113778724885
7	0	6	3	6.26113778724885
0	7	3	7	0.0
7	0	3	7	-0.0
0	7	7	3	-0.0
7	0	7	3	0.0
0	7	4	5	0.0
7	0	4	5	-0.0
0	7	5	4	-0.0
7	0	5	4	0.0
0	7	4	6	0.0
7	0	4	6	-0.0
0	7	6	4	-0.0
7	0	6	4	0.0
0	7	4	7	0.0
7	0	4	7	-0.0
0	7	7	4	-0.0
7	0	7	4	0.0
0	7	5	6	0.0
7	0	5	6	-0.0
0	7	6	5	-0.0
7	0	6	5	0.0
0	7	5	7	0.0
7	0	5	7	-0.0
0	7	7	5	-0.0
7	0	7	5	0.0
0	7	6	7	3.768687948761079
7	0	6	7	-3.768687948761079
0	7	7	6	-3.768687948761079
7	0	7	6	3.768687948761079
1	2	0	1	5.11675651044885
2	1	0	1	-5.11675651044885
1	2	1	0	-5.11675651044885
2	1	1	0	5.11675651044885
1	2	0	2	8.504219328636772
2	1	0	2	-8.504219328636772
1	2	2	0	-8.504219328636772
2	1	2	0	8.504219328636772
1	2	0	3	7.700952937209776
2	1	0	3	-7.700952937209776
1	2	3	0	-7.700952937209776
2	1	3	0	7.700952937209776
1	2	0	4	6.163295740087512
2	1	0	4	-6.163295740087512
1	2	4	0	-6.163295740087512
2	1	4	0	6.163295740087512
1	2	0	5	9.524583367137632
2	1	0	5	-9.524583367137632
1	2	5	0	-9.524583367137632
2	1	5	0	9.524583367137632
1	2	0	6	3.332839228334761
2	1	0	6	-3.332839228334761
1	2	6	0	-3.332839228334761
2	1	6	0	3.332839228334761
1	2	0	7	2.9002986729594493
2	1	0	7	-2.9002986729594493
1	2	7	0	-2.9002986729594493
2	1	7	0	2.9002986729594493
1	2	1	2	0.8062821542213627
2	1	1	2	-0.8062821542213627
1	2	2	1	-0.8062821542213627
2	1	2	1	0.8062821542213627
1	2	1	3	1.8812190607090626
2	1	1	3	-1.8812190607090626
1	2	3	1	-1.8812190607090626
2	1	3	1	1.8812190607090626
1	2	1	4	3.084593977441379
2	1	1	4	-3.084593977441379
1	2	4	1	-3.084593977441379
2	1	4	1	3.084593977441379
1	2	1	5	0.0
2	1	1	5	-0.0
1	2	5	1	-0.0
2	1	5	1	0.0
1	2	1	6	1.2804027013556016
2	1	1	6	-1.2804027013556016
1	2	6	1	-1.2804027013556016
2	1	6	1	1.2804027013556016
1	2	1	7	4.050751839298859
2	1	1	7	-4.050751839298859
1	2	7	1	-4.050751839298859
2	1	7	1	4.050751839298859
1	2	2	3	8.675771779793196
2	1	2	3	-8.675771779793196
1	2	3	2	-8.675771779793196
2	1	3	2	8.675771779793196
1	2	2	4	0.0
2	1	2	4	-0.0
1	2	4	2	-0.0
2	1	4	2	0.0
1	2	2	5	0.0
2	1	2	5	-0.0
1	2	5	2	-0.0
2	1	5	2	0.0
1	2	2	6	2.810326878635933
2	1	2	6	-2.810326878635933
1	2	6	2	-2.810326878635933
2	1	6	2	2.810326878635933
1	2	2	7	8.49712646262673
2	1	2	7	-8.49712646262673
1	2	7	2	-8.49712646262673
2	1	7	2	8.49712646262673
1	2	3	4	0.0
2	1	3	4	-0.0
1	2	4	3	-0.0
2	1	4	3	0.0
1	2	3	5	0.0
2	1	3	5	-0.0
1	2	5	3	-0.0
2	1	5	3	0.0
1	2	3	6	7.685120217046105
2	1	3	6	-7.685120217046105
1	2	6	3	-7.685120217046105
2	1	6	3	7.685120217046105
1	2	3	7	0.0
2	1	3	7	-0.0
1	2	7	3	-0.0
2	1	7	3	0.0
1	2	4	5	0.0
2	1	4	5	-0.0
1	2	5	4	-0.0
2	1	5	4	0.0
1	2	4	6	0.0
2	1	4	6	-0.0
1	2	6	4	-0.0
2	1	6	4	0.0
1	2	4	7	0.0
2	1	4	7	-0.0
1	2	7	4	-0.0
2	1	7	4	0.0
1	2	5	6	0.0
2	1	5	6	-0.0
1	2	6	5	-0.0
2	1	6	5	0.0
1	2	5	7	0.0
2	1	5	7	-0.0
1	2	7	5	-0.0
2	1	7	5	0.0
1	2	6	7	3.900387127398182
2	1	6	7	-3.900387127398182
1	2	7	6	-3.900387127398182
2	1	7	6	3.900387127398182
1	3	0	1	6.545233553529383
3	1	0	1	-6.545233553529383
1	3	1	0	-6.545233553529383
3	1	1	0	6.545233553529383
1	3	0	2	6.333393290032249
3	1	0	2	-6.333393290032249
1	3	2	0	-6.333393290032249
3	1	2	0	6.333393290032249
1	3	0	3	8.984939991112409
3	1	0	3	-8.984939991112409
1	3	3	0	-8.984939991112409
3	1	3	0	8.984939991112409
1	3	0	4	8.414003474255868
3	1	0	4	-8.414003474255868
1	3	4	0	-8.414003474255868
3	1	4	0	8.414003474255868
1	3	0	5	7.612005838755735
3	1	0	5	-7.612005838755735
1	3	5	0	-7.612005838755735
3	1	5	0	7.612005838755735
1	3	0	6	2.8984731864098534
3	1	0	6	-2.8984731864098534
1	3	6	0	-2.8984731864098534
3	1	6	0	2.8984731864098534
1	3	0	7	3.296454533117593
3	1	0	7	-3.296454533117593
1	3	7	0	-3.296454533117593
3	1	7	0	3.296454533117593
1	3	1	2	0.7795866345821966
3	1	1	2	-0.7795866345821966
1	3	2	1	-0.7795866345821966
3	1	2	1	0.7795866345821966
1	3	1	3	1.5686343441291821
3	1	1	3	-1.5686343441291821
1	3	3	1	-1.5686343441291821
3	1	3	1	1.5686343441291821
1	3	1	4	2.7966981299465745
3	1	1	4	-2.7966981299465745
1	3	4	1	-2.7966981299465745
3	1	4	1	2.7966981299465745
1	3	1	5	0.0
3	1	1	5	-0.0
1	3	5	1	-0.0
3	1	5	1	0.0
1	3	1	6	1.364463156381956
3	1	1	6	-1.364463156381956
1	3	6	1	-1.364463156381956
3	1	6	1	1.364463156381956
1	3	1	7	3.7302501064410998
3	1	1	7	-3.7302501064410998
1	3	7	1	-3.7302501064410998
3	1	7	1	3.7302501064410998
1	3	2	3	9.734642571945306
3	1	2	3	-9.734642571945306
1	3	3	2	-9.734642571945306
3	1	3	2	9.734642571945306
1	3	2	4	0.0
3	1	2	4	-0.0
1	3	4	2	-0.0
3	1	4	2	0.0
1	3	2	5	0.0
3	1	2	5	-0.0
1	3	5	2	-0.0
3	1	5	2	0.0
1	3	2	6	3.0660814117456123
3	1	2	6	-3.0660814117456123
1	3	6	2	-3.0660814117456123
3	1	6	2	3.0660814117456123
1	3	2	7	6.374303821781408
3	1	2	7	-6.374303821781408
1	3	7	2	-6.374303821781408
3	1	7	2	6.374303821781408
1	3	3	4	0.0
3	1	3	4	-0.0
1	3	4	3	-0.0
3	1	4	3	0.0
1	3	3	5	0.0
3	1	3	5	-0.0
1	3	5	3	-0.0
3	1	5	3	0.0
1	3	3	6	6.758510151265265
3	1	3	6	-6.758510151265265
1	3	6	3	-6.758510151265265
3	1	6	3	6.758510151265265
1	3	3	7	0.0
3	1	3	7	-0.0
1	3	7	3	-0.0
3	1	7	3	0.0
1	3	4	5	0.0
3	1	4	5	-0.0
1	3	5	4	-0.0
3	1	5	4	0.0
1	3	4	6	0.0
3	1	4	6	-0.0
1	3	6	4	-0.0
3	1	6	4	0.0
1	3	4	7	0.0
3	1	4	7	-0.0
1	3	7	4	-0.0
3	1	7	4	0.0
1	3	5	6	0.0
3	1	5	6	-0.0
1	3	6	5	-0.0
3	1	6	5	0.0
1	3	5	7	0.0
3	1	5	7	-0.0
1	3	7	5	-0.0
3	1	7	5	0.0
1	3	6	7	3.718418779166674
3	1	6	7	-3.718418779166674
1	3	7	6	-3.718418779166674
3	1	7	6	3.718418779166674
1	4	0	1	6.727537212996107
4	1	0	1	-6.727537212996107
1	4	1	0	-6.727537212996107
4	1	1	0	6.727537212996107
1	4	0	2	7.47435410004245
4	1	0	2	-7.47435410004245
1	4	2	0	-7.47435410004245
4	1	2	0	7.47435410004245
1	4	0	3	8.035566689066979
4	1	0	3	-8.035566689066979
1	4	3	0	-8.035566689066979
4	1	3	0	8.035566689066979
1	4	0	4	7.302770228419681
4	1	0	4	-7.302770228419681
1	4	4	0	-7.302770228419681
4	1	4	0	7.302770228419681
1	4	0	5	8.477608932207724
4	1	0	5	-8.477608932207724
1	4	5	0	-8.477608932207724
4	1	5	0	8.477608932207724
1	4	0	6	2.7229422035456863
4	1	0	6	-2.7229422035456863
1	4	6	0	-2.7229422035456863
4	1	6	0	2.7229422035456863
1	4	0	7	3.433030581830805
4	1	0	7	-3.433030581830805
1	4	7	0	-3.433030581830805
4	1	7	0	3.433030581830805
1	4	1	2	0.7763461073843109
4	1	1	2	-0.7763461073843109
1	4	2	1	-0.7763461073843109
4	1	2	1	0.7763461073843109
1	4	1	3	1.490753889306035
4	1	1	3	-1.490753889306035
1	4	3	1	-1.490753889306035
4	1	3	1	1.490753889306035
1	4	1	4	3.050656618003681
4	1	1	4	-3.050656618003681
1	4	4	1	-3.050656618003681
4	1	4	1	3.050656618003681
1	4	1	5	0.0
4	1	1	5	-0.0
1	4	5	1	-0.0
4	1	5	1	0.0
1	4	1	6	1.5107591656473767
4	1	1	6	-1.5107591656473767
1	4	6	1	-1.5107591656473767
4	1	6	1	1.5107591656473767
1	4	1	7	4.386378962166641
4	1	1	7	-4.386378962166641
1	4	7	1	-4.386378962166641
4	1	7	1	4.386378962166641
1	4	2	3	10.276296788011242
4	1	2	3	-10.276296788011242
1	4	3	2	-10.276296788011242
4	1	3	2	10.276296788011242
1	4	2	4	0.0
4	1	2	4	-0.0
1	4	4	2	-0.0
4	1	4	2	0.0
1	4	2	5	0.0
4	1	2	5	-0.0
1	4	5	2	-0.0
4	1	5	2	0.0
1	4	2	6	2.8774451104880923
4	1	2	6	-2.8774451104880923
1	4	6	2	-2.8774451104880923
4	1	6	2	2.8774451104880923
1	4	2	7	7.4973656565408415
4	1	2	7	-7.4973656565408415
1	4	7	2	-7.4973656565408415
4	1	7	2	7.4973656565408415
1	4	3	4	0.0
4	1	3	4	-0.0
1	4	4	3	-0.0
4	1	4	3	0.0
1	4	3	5	0.0
4	1	3	5	-0.0
1	4	5	3	-0.0
4	1	5	3	0.0
1	4	3	6	6.332567100489878
4	1	3	6	-6.332567100489878
1	4	6	3	-6.332567100489878
4	1	6	3	6.332567100489878
1	4	3	7	0.0
4	1	3	7	-0.0
1	4	7	3	-0.0
4	1	7	3	0.0
1	4	4	5	0.0
4	1	4	5	-0.0
1	4	5	4	-0.0
4	1	5	4	0.0
1	4	4	6	0.0
4	1	4	6	-0.0
1	4	6	4	-0.0
4	1	6	4	0.0
1	4	4	7	0.0
4	1	4	7	-0.0
1	4	7	4	-0.0
4	1	7	4	0.0
1	4	5	6	0.0
4	1	5	6	-0.0
1	4	6	5	-0.0
4	1	6	5	0.0
1	4	5	7	0.0
4	1	5	7	-0.0
1	4	7	5	-0.0
4	1	7	5	0.0
1	4	6	7	3.5568849038775294
4	1	6	7	-3.5568849038775294
1	4	7	6	-3.5568849038775294
4	1	7	6	3.5568849038775294
1	5	0	1	4.888973317637144
5	1	0	1	-4.888973317637144
1	5	1	0	-4.888973317637144
5	1	1	0	4.888973317637144
1	5	0	2	5.358062979184376
5	1	0	2	-5.358062979184376
1	5	2	0	-5.358062979184376
5	1	2	0	5.358062979184376
1	5	0	3	6.311592800020935
5	1	0	3	-6.311592800020935
1	5	3	0	-6.311592800020935
5	1	3	0	6.311592800020935
1	5	0	4	8.711182391009595
5	1	0	4	-8.711182391009595
1	5	4	0	-8.711182391009595
5	1	4	0	8.711182391009595
1	5	0	5	8.86871502320527
5	1	0	5	-8.86871502320527
1	5	5	0	-8.86871502320527
5	1	5	0	8.86871502320527
1	5	0	6	2.6343648408312488
5	1	0	6	-2.6343648408312488
1	5	6	0	-2.6343648408312488
5	1	6	0	2.6343648408312488
1	5	0	7	3.746031005093863
5	1	0	7	-3.746031005093863
1	5	7	0	-3.746031005093863
5	1	7	0	3.746031005093863
1	5	1	2	0.7182397323194651
5	1	1	2	-0.7182397323194651
1	5	2	1	-0.7182397323194651
5	1	2	1	0.7182397323194651
1	5	1	3	1.6277942478229581
5	1	1	3	-1.6277942478229581
1	5	3	1	-1.6277942478229581
5	1	3	1	1.6277942478229581
1	5	1	4	3.022196481099557
5	1	1	4	-3.022196481099557
1	5	4	1	-3.022196481099557
5	1	4	1	3.022196481099557
1	5	1	5	0.0
5	1	1	5	-0.0
1	5	5	1	-0.0
5	1	5	1	0.0
1	5	1	6	1.326782602497366
5	1	1	6	-1.326782602497366
1	5	6	1	-1.326782602497366
5	1	6	1	1.326782602497366
1	5	1	7	3.7293713741907766
5	1	1	7	-3.7293713741907766
1	5	7	1	-3.7293713741907766
5	1	7	1	3.7293713741907766
1	5	2	3	11.31981268111894
5	1	2	3	-11.31981268111894
1	5	3	2	-11.31981268111894
5	1	3	2	11.31981268111894
1	5	2	4	0.0
5	1	2	4	-0.0
1	5	4	2	-0.0
5	1	4	2	0.0
1	5	2	5	0.0
5	1	2	5	-0.0
1	5	5	2	-0.0
5	1	5	2	0.0
1	5	2	6	2.2286939335051636
5	1	2	6	-2.2286939335051636
1	5	6	2	-2.2286939335051636
5	1	6	2	2.2286939335051636
1	5	2	7	8.382913225798024
5	1	2	7	-8.382913225798024
1	5	7	2	-8.382913225798024
5	1	7	2	8.382913225798024
1	5	3	4	0.0
5	1	3	4	-0.0
1	5	4	3	-0.0
5	1	4	3	0.0
1	5	3	5	0.0
5	1	3	5	-0.0
1	5	5	3	-0.0
5	1	5	3	0.0
1	5	3	6	9.156907337038508
5	1	3	6	-9.156907337038508
1	5	6	3	-9.156907337038508
5	1	6	3	9.156907337038508
1	5	3	7	0.0
5	1	3	7	-0.0
1	5	7	3	-0.0
5	1	7	3	0.0
1	5	4	5	0.0
5	1	4	5	-0.0
1	5	5	4	-0.0
5	1	5	4	0.0
1	5	4	6	0.0
5	1	4	6	-0.0
1	5	6	4	-0.0
5	1	6	4	0.0
1	5	4	7	0.0
5	1	4	7	-0.0
1	5	7	4	-0.0
5	1	7	4	0.0
1	5	5	6	0.0
5	1	5	6	-0.0
1	5	6	5	-0.0
5	1	6	5	0.0
1	5	5	7	0.0
5	1	5	7	-0.0
1	5	7	5	-0.0
5	1	7	5	0.0
1	5	6	7	4.686709093656016
5	1	6	7	-4.686709093656016
1	5	7	6	-4.686709093656016
5	1	7	6	4.686709093656016
1	6	0	1	3.954537414344956
6	1	0	1	-3.954537414344956
1	6	1	0	-3.954537414344956
6	1	1	0	3.954537414344956
1	6	0	2	5.264837042139095
6	1	0	2	-5.264837042139095
1	6	2	0	-5.264837042139095
6	1	2	0	5.264837042139095
1	6	0	3	5.858556809671629
6	1	0	3	-5.858556809671629
1	6	3	0	-5.858556809671629
6	1	3	0	5.858556809671629
1	6	0	4	5.7005244993908795
6	1	0	4	-5.7005244993908795
1	6	4	0	-5.7005244993908795
6	1	4	0	5.7005244993908795
1	6	0	5	5.374944093072502
6	1	0	5	-5.374944093072502
1	6	5	0	-5.374944093072502
6	1	5	0	5.374944093072502
1	6	0	6	2.632859995836327
6	1	0	6	-2.632859995836327
1	6	6	0	-2.632859995836327
6	1	6	0	2.632859995836327
1	6	0	7	3.134766165137846
6	1	0	7	-3.134766165137846
1	6	7	0	-3.134766165137846
6	1	7	0	3.134766165137846
1	6	1	2	0.7816918952070087
6	1	1	2	-0.7816918952070087
1	6	2	1	-0.7816918952070087
6	1	2	1	0.7816918952070087
1	6	1	3	1.1426751068685832
6	1	1	3	-1.1426751068685832
1	6	3	1	-1.1426751068685832
6	1	3	1	1.1426751068685832
1	6	1	4	2.0414086748017692
6	1	1	4	-2.0414086748017692
1	6	4	1	-2.0414086748017692
6	1	4	1	2.0414086748017692
1	6	1	5	0.0
6	1	1	5	-0.0
1	6	5	1	-0.0
6	1	5	1	0.0
1	6	1	6	1.3842656220025242
6	1	1	6	-1.3842656220025242
1	6	6	1	-1.3842656220025242
6	1	6	1	1.3842656220025242
1	6	1	7	3.2150754663045524
6	1	1	7	-3.2150754663045524
1	6	7	1	-3.2150754663045524
6	1	7	1	3.2150754663045524
1	6	2	3	6.463641218627633
6	1	2	3	-6.463641218627633
1	6	3	2	-6.463641218627633
6	1	3	2	6.463641218627633
1	6	2	4	0.0
6	1	2	4	-0.0
1	6	4	2	-0.0
6	1	4	2	0.0
1	6	2	5	0.0
6	1	2	5	-0.0
1	6	5	2	-0.0
6	1	5	2	0.0
1	6	2	6	2.914602189915231
6	1	2	6	-2.914602189915231
1	6	6	2	-2.914602189915231
6	1	6	2	2.914602189915231
1	6	2	7	8.30466058810225
6	1	2	7	-8.30466058810225
1	6	7	2	-8.30466058810225
6	1	7	2	8.30466058810225
1	6	3	4	0.0
6	1	3	4	-0.0
1	6	4	3	-0.0
6	1	4	3	0.0
1	6	3	5	0.0
6	1	3	5	-0.0
1	6	5	3	-0.0
6	1	5	3	0.0
1	6	3	6	7.180296762384028
6	1	3	6	-7.180296762384028
1	6	6	3	-7.180296762384028
6	1	6	3	7.180296762384028
1	6	3	7	0.0
6	1	3	7	-0.0
1	6	7	3	-0.0
6	1	7	3	0.0
1	6	4	5	0.0
6	1	4	5	-0.0
1	6	5	4	-0.0
6	1	5	4	0.0
1	6	4	6	0.0
6	1	4	6	-0.0
1	6	6	4	-0.0
6	1	6	4	0.0
1	6	4	7	0.0
6	1	4	7	-0.0
1	6	7	4	-0.0
6	1	7	4	0.0
1	6	5	6	0.0
6	1	5	6	-0.0
1	6	6	5	-0.0
6	1	6	5	0.0
1	6	5	7	0.0
6	1	5	7	-0.0
1	6	7	5	-0.0
6	1	7	5	0.0
1	6	6	7	4.4937157487228925
6	1	6	7	-4.4937157487228925
1	6	7	6	-4.4937157487228925
6	1	7	6	4.4937157487228925
1	7	0	1	3.031435971805225
7	1	0	1	-3.031435971805225
1	7	1	0	-3.031435971805225
7	1	1	0	3.031435971805225
1	7	0	2	4.4957448821123664
7	1	0	2	-4.4957448821123664
1	7	2	0	-4.4957448821123664
7	1	2	0	4.4957448821123664
1	7	0	3	5.41984583093616
7	1	0	3	-5.41984583093616
1	7	3	0	-5.41984583093616
7	1	3	0	5.41984583093616
1	7	0	4	4.410761390964057
7	1	0	4	-4.410761390964057
1	7	4	0	-4.410761390964057
7	1	4	0	4.410761390964057
1	7	0	5	5.70529164848101
7	1	0	5	-5.70529164848101
1	7	5	0	-5.70529164848101
7	1	5	0	5.70529164848101
1	7	0	6	2.325674429142378
7	1	0	6	-2.325674429142378
1	7	6	0	-2.325674429142378
7	1	6	0	2.325674429142378
1	7	0	7	4.09821612456409
7	1	0	7	-4.09821612456409
1	7	7	0	-4.09821612456409
7	1	7	0	4.09821612456409
1	7	1	2	0.5127428906479228
7	1	1	2	-0.5127428906479228
1	7	2	1	-0.5127428906479228
7	1	2	1	0.5127428906479228
1	7	1	3	0.8776143234847817
7	1	1	3	-0.8776143234847817
1	7	3	1	-0.8776143234847817
7	1	3	1	0.8776143234847817
1	7	1	4	2.088263697502678
7	1	1	4	-2.088263697502678
1	7	4	1	-2.088263697502678
7	1	4	1	2.088263697502678
1	7	1	5	0.0
7	1	1	5	-0.0
1	7	5	1	-0.0
7	1	5	1	0.0
1	7	1	6	1.4952501051039495
7	1	1	6	-1.4952501051039495
1	7	6	1	-1.4952501051039495
7	1	6	1	1.4952501051039495
1	7	1	7	4.586688434140362
7	1	1	7	-4.586688434140362
1	7	7	1	-4.586688434140362
7	1	7	1	4.586688434140362
1	7	2	3	7.774492958846434
7	1	2	3	-7.774492958846434
1	7	3	2	-7.774492958846434
7	1	3	2	7.774492958846434
1	7	2	4	0.0
7	1	2	4	-0.0
1	7	4	2	-0.0
7	1	4	2	0.0
1	7	2	5	0.0
7	1	2	5	-0.0
1	7	5	2	-0.0
7	1	5	2	0.0
1	7	2	6	3.182639266312409
7	1	2	6	-3.182639266312409
1	7	6	2	-3.182639266312409
7	1	6	2	3.182639266312409
1	7	2	7	7.5658971678870355
7	1	2	7	-7.5658971678870355
1	7	7	2	-7.5658971678870355
7	1	7	2	7.5658971678870355
1	7	3	4	0.0
7	1	3	4	-0.0
1	7	4	3	-0.0
7	1	4	3	0.0
1	7	3	5	0.0
7	1	3	5	-0.0
1	7	5	3	-0.0
7	1	5	3	0.0
1	7	3	6	6.060399725943293
7	1	3	6	-6.060399725943293
1	7	6	3	-6.060399725943293
7	1	6	3	6.060399725943293
1	7	3	7	0.0
7	1	3	7	-0.0
1	7	7	3	-0.0
7	1	7	3	0.0
1	7	4	5	0.0
7	1	4	5	-0.0
1	7	5	4	-0.0
7	1	5	4	0.0
1	7	4	6	0.0
7	1	4	6	-0.0
1	7	6	4	-0.0
7	1	6	4	0.0
1	7	4	7	0.0
7	1	4	7	-0.0
1	7	7	4	-0.0
7	1	7	4	0.0
1	7	5	6	0.0
7	1	5	6	-0.0
1	7	6	5	-0.0
7	1	6	5	0.0
1	7	5	7	0.0
7	1	5	7	-0.0
1	7	7	5	-0.0
7	1	7	5	0.0
1	7	6	7	3.6732111764623854
7	1	6	7	-3.6732111764623854
1	7	7	6	-3.6732111764623854
7	1	7	6	3.6732111764623854
2	3	0	1	5.795611937324873
3	2	0	1	-5.795611937324873
2	3	1	0	-5.795611937324873
3	2	1	0	5.795611937324873
2	3	0	2	6.483226387866318
3	2	0	2	-6.483226387866318
2	3	2	0	-6.483226387866318
3	2	2	0	6.483226387866318
2	3	0	3	7.925507927541526
3	2	0	3	-7.925507927541526
2	3	3	0	-7.925507927541526
3	2	3	0	7.925507927541526
2	3	0	4	9.37315715008965
3	2	0	4	-9.37315715008965
2	3	4	0	-9.37315715008965
3	2	4	0	9.37315715008965
2	3	0	5	8.53353814668858
3	2	0	5	-8.53353814668858
2	3	5	0	-8.53353814668858
3	2	5	0	8.53353814668858
2	3	0	6	2.289635469953616
3	2	0	6	-2.289635469953616
2	3	6	0	-2.289635469953616
3	2	6	0	2.289635469953616
2	3	0	7	2.7996925536926547
3	2	0	7	-2.7996925536926547
2	3	7	0	-2.7996925536926547
3	2	7	0	2.7996925536926547
2	3	1	2	0.6748697766016641
3	2	1	2	-0.6748697766016641
2	3	2	1	-0.6748697766016641
3	2	2	1	0.6748697766016641
2	3	1	3	1.232898753838665
3	2	1	3	-1.232898753838665
2	3	3	1	-1.232898753838665
3	2	3	1	1.232898753838665
2	3	1	4	2.823752261227205
3	2	1	4	-2.823752261227205
2	3	4	1	-2.823752261227205
3	2	4	1	2.823752261227205
2	3	1	5	0.0
3	2	1	5	-0.0
2	3	5	1	-0.0
3	2	5	1	0.0
2	3	1	6	1.5380381807769083
3	2	1	6	-1.5380381807769083
2	3	6	1	-1.5380381807769083
3	2	6	1	1.5380381807769083
2	3	1	7	4.227280719189915
3	2	1	7	-4.227280719189915
2	3	7	1	-4.227280719189915
3	2	7	1	4.227280719189915
2	3	2	3	11.11273481164717
3	2	2	3	-11.11273481164717
2	3	3	2	-11.11273481164717
3	2	3	2	11.11273481164717
2	3	2	4	0.0
3	2	2	4	-0.0
2	3	4	2	-0.0
3	2	4	2	0.0
2	3	2	5	0.0
3	2	2	5	-0.0
2	3	5	2	-0.0
3	2	5	2	0.0
2	3	2	6	1.7914973362532831
3	2	2	6	-1.7914973362532831
2	3	6	2	-1.7914973362532831
3	2	6	2	1.7914973362532831
2	3	2	7	6.616350801389181
3	2	2	7	-6.616350801389181
2	3	7	2	-6.616350801389181
3	2	7	2	6.616350801389181
2	3	3	4	0.0
3	2	3	4	-0.0
2	3	4	3	-0.0
3	2	4	3	0.0
2	3	3	5	0.0
3	2	3	5	-0.0
2	3	5	3	-0.0
3	2	5	3	0.0
2	3	3	6	7.781686106939572
3	2	3	6	-7.781686106939572
2	3	6	3	-7.781686106939572
3	2	6	3	7.781686106939572
2	3	3	7	0.0
3	2	3	7	-0.0
2	3	7	3	-0.0
3	2	7	3	0.0
2	3	4	5	0.0
3	2	4	5	-0.0
2	3	5	4	-0.0
3	2	5	4	0.0
2	3	4	6	0.0
3	2	4	6	-0.0
2	3	6	4	-0.0
3	2	6	4	0.0
2	3	4	7	0.0
3	2	4	7	-0.0
2	3	7	4	-0.0
3	2	7	4	0.0
2	3	5	6	0.0
3	2	5	6	-0.0
2	3	6	5	-0.0
3	2	6	5	0.0
2	3	5	7	0.0
3	2	5	7	-0.0
2	3	7	5	-0.0
3	2	7	5	0.0
2	3	6	7	3.369939775463102
3	2	6	7	-3.369939775463102
2	3	7	6	-3.369939775463102
3	2	7	6	3.369939775463102
2	4	0	1	5.943732753009511
4	2	0	1	-5.943732753009511
2	4	1	0	-5.943732753009511
4	2	1	0	5.943732753009511
2	4	0	2	5.400164308720119
4	2	0	2	-5.400164308720119
2	4	2	0	-5.400164308720119
4	2	2	0	5.400164308720119
2	4	0	3	7.512667608918109
4	2	0	3	-7.512667608918109
2	4	3	0	-7.512667608918109
4	2	3	0	7.512667608918109
2	4	0	4	7.449723790936653
4	2	0	4	-7.449723790936653
2	4	4	0	-7.449723790936653
4	2	4	0	7.449723790936653
2	4	0	5	8.53194079899248
4	2	0	5	-8.53194079899248
2	4	5	0	-8.53194079899248
4	2	5	0	8.53194079899248
2	4	0	6	2.3331495536755256
4	2	0	6	-2.3331495536755256
2	4	6	0	-2.3331495536755256
4	2	6	0	2.3331495536755256
2	4	0	7	3.2432721615978077
4	2	0	7	-3.2432721615978077
2	4	7	0	-3.2432721615978077
4	2	7	0	3.2432721615978077
2	4	1	2	0.9535696430127591
4	2	1	2	-0.9535696430127591
2	4	2	1	-0.9535696430127591
4	2	2	1	0.9535696430127591
2	4	1	3	1.6353178643080342
4	2	1	3	-1.6353178643080342
2	4	3	1	-1.6353178643080342
4	2	3	1	1.6353178643080342
2	4	1	4	3.0351637235610083
4	2	1	4	-3.0351637235610083
2	4	4	1	-3.0351637235610083
4	2	4	1	3.0351637235610083
2	4	1	5	0.0
4	2	1	5	-0.0
2	4	5	1	-0.0
4	2	5	1	0.0
2	4	1	6	1.372288534936709
4	2	1	6	-1.372288534936709
2	4	6	1	-1.372288534936709
4	2	6	1	1.372288534936709
2	4	1	7	4.325490598865289
4	2	1	7	-4.325490598865289
2	4	7	1	-4.325490598865289
4	2	7	1	4.325490598865289
2	4	2	3	8.646213356753638
4	2	2	3	-8.646213356753638
2	4	3	2	-8.646213356753638
4	2	3	2	8.646213356753638
2	4	2	4	0.0
4	2	2	4	-0.0
2	4	4	2	-0.0
4	2	4	2	0.0
2	4	2	5	0.0
4	2	2	5	-0.0
2	4	5	2	-0.0
4	2	5	2	0.0
2	4	2	6	3.4955092658393676
4	2	2	6	-3.4955092658393676
2	4	6	2	-3.4955092658393676
4	2	6	2	3.4955092658393676
2	4	2	7	7.659180970220697
4	2	2	7	-7.659180970220697
2	4	7	2	-7.659180970220697
4	2	7	2	7.659180970220697
2	4	3	4	0.0
4	2	3	4	-0.0
2	4	4	3	-0.0
4	2	4	3	0.0
2	4	3	5	0.0
4	2	3	5	-0.0
2	4	5	3	-0.0
4	2	5	3	0.0
2	4	3	6	8.214256901224234
4	2	3	6	-8.214256901224234
2	4	6	3	-8.214256901224234
4	2	6	3	8.214256901224234
2	4	3	7	0.0
4	2	3	7	-0.0
2	4	7	3	-0.0
4	2	7	3	0.0
2	4	4	5	0.0
4	2	4	5	-0.0
2	4	5	4	-0.0
4	2	5	4	0.0
2	4	4	6	0.0
4	2	4	6	-0.0
2	4	6	4	-0.0
4	2	6	4	0.0
2	4	4	7	0.0
4	2	4	7	-0.0
2	4	7	4	-0.0
4	2	7	4	0.0
2	4	5	6	0.0
4	2	5	6	-0.0
2	4	6	5	-0.0
4	2	6	5	0.0
2	4	5	7	0.0
4	2	5	7	-0.0
2	4	7	5	-0.0
4	2	7	5	0.0
2	4	6	7	3.645301244580008
4	2	6	7	-3.645301244580008
2	4	7	6	-3.645301244580008
4	2	7	6	3.645301244580008
2	5	0	1	6.432323575519494
5	2	0	1	-6.432323575519494
2	5	1	0	-6.432323575519494
5	2	1	0	6.432323575519494
2	5	0	2	6.362951923697749
5	2	0	2	-6.362951923697749
2	5	2	0	-6.362951923697749
5	2	2	0	6.362951923697749
2	5	0	3	6.33238339002267
5	2	0	3	-6.33238339002267
2	5	3	0	-6.33238339002267
5	2	3	0	6.33238339002267
2	5	0	4	8.80113470769285
5	2	0	4	-8.80113470769285
2	5	4	0	-8.80113470769285
5	2	4	0	8.80113470769285
2	5	0	5	7.99724158916424
5	2	0	5	-7.99724158916424
2	5	5	0	-7.99724158916424
5	2	5	0	7.99724158916424
2	5	0	6	3.102918993915343
5	2	0	6	-3.102918993915343
2	5	6	0	-3.102918993915343
5	2	6	0	3.102918993915343
2	5	0	7	3.429570483756153
5	2	0	7	-3.429570483756153
2	5	7	0	-3.429570483756153
5	2	7	0	3.429570483756153
2	5	1	2	0.6817975511118597
5	2	1	2	-0.6817975511118597
2	5	2	1	-0.6817975511118597
5	2	2	1	0.6817975511118597
2	5	1	3	1.5132695944391152
5	2	1	3	-1.5132695944391152
2	5	3	1	-1.5132695944391152
5	2	3	1	1.5132695944391152
2	5	1	4	2.689791058356373
5	2	1	4	-2.689791058356373
2	5	4	1	-2.689791058356373
5	2	4	1	2.689791058356373
2	5	1	5	0.0
5	2	1	5	-0.0
2	5	5	1	-0.0
5	2	5	1	0.0
2	5	1	6	1.2290450616106454
5	2	1	6	-1.2290450616106454
2	5	6	1	-1.2290450616106454
5	2	6	1	1.2290450616106454
2	5	1	7	3.9891725611295943
5	2	1	7	-3.9891725611295943
2	5	7	1	-3.9891725611295943
5	2	7	1	3.9891725611295943
2	5	2	3	9.80865620548001
5	2	2	3	-9.80865620548001
2	5	3	2	-9.80865620548001
5	2	3	2	9.80865620548001
2	5	2	4	0.0
5	2	2	4	-0.0
2	5	4	2	-0.0
5	2	4	2	0.0
2	5	2	5	0.0
5	2	2	5	-0.0
2	5	5	2	-0.0
5	2	5	2	0.0
2	5	2	6	2.679821502177214
5	2	2	6	-2.679821502177214
2	5	6	2	-2.679821502177214
5	2	6	2	2.679821502177214
2	5	2	7	6.620202547929026
5	2	2	7	-6.620202547929026
2	5	7	2	-6.620202547929026
5	2	7	2	6.620202547929026
2	5	3	4	0.0
5	2	3	4	-0.0
2	5	4	3	-0.0
5	2	4	3	0.0
2	5	3	5	0.0
5	2	3	5	-0.0
2	5	5	3	-0.0
5	2	5	3	0.0
2	5	3	6	6.051345840339602
5	2	3	6	-6.051345840339602
2	5	6	3	-6.051345840339602
5	2	6	3	6.051345840339602
2	5	3	7	0.0
5	2	3	7	-0.0
2	5	7	3	-0.0
5	2	7	3	0.0
2	5	4	5	0.0
5	2	4	5	-0.0
2	5	5	4	-0.0
5	2	5	4	0.0
2	5	4	6	0.0
5	2	4	6	-0.0
2	5	6	4	-0.0
5	2	6	4	0.0
2	5	4	7	0.0
5	2	4	7	-0.0
2	5	7	4	-0.0
5	2	7	4	0.0
2	5	5	6	0.0
5	2	5	6	-0.0
2	5	6	5	-0.0
5	2	6	5	0.0
2	5	5	7	0.0
5	2	5	7	-0.0
2	5	7	5	-0.0
5	2	7	5	0.0
2	5	6	7	3.5102220083154596
5	2	6	7	-3.5102220083154596
2	5	7	6	-3.5102220083154596
5	2	7	6	3.5102220083154596
2	6	0	1	3.6108130651334447
6	2	0	1	-3.6108130651334447
2	6	1	0	-3.6108130651334447
6	2	1	0	3.6108130651334447
2	6	0	2	3.9016646239070907
6	2	0	2	-3.9016646239070907
2	6	2	0	-3.9016646239070907
6	2	2	0	3.9016646239070907
2	6	0	3	4.669822644251118
6	2	0	3	-4.669822644251118
2	6	3	0	-4.669822644251118
6	2	3	0	4.669822644251118
2	6	0	4	6.20406201580943
6	2	0	4	-6.20406201580943
2	6	4	0	-6.20406201580943
6	2	4	0	6.20406201580943
2	6	0	5	5.135108544515805
6	2	0	5	-5.135108544515805
2	6	5	0	-5.135108544515805
6	2	5	0	5.135108544515805
2	6	0	6	2.882450078781183
6	2	0	6	-2.882450078781183
2	6	6	0	-2.882450078781183
6	2	6	0	2.882450078781183
2	6	0	7	3.894524970756111
6	2	0	7	-3.894524970756111
2	6	7	0	-3.894524970756111
6	2	7	0	3.894524970756111
2	6	1	2	0.6355168488242373
6	2	1	2	-0.6355168488242373
2	6	2	1	-0.6355168488242373
6	2	2	1	0.6355168488242373
2	6	1	3	1.0841775845509476
6	2	1	3	-1.0841775845509476
2	6	3	1	-1.0841775845509476
6	2	3	1	1.0841775845509476
2	6	1	4	1.5970372802923267
6	2	1	4	-1.5970372802923267
2	6	4	1	-1.5970372802923267
6	2	4	1	1.5970372802923267
2	6	1	5	0.0
6	2	1	5	-0.0
2	6	5	1	-0.0
6	2	5	1	0.0
2	6	1	6	1.1753462769997156
6	2	1	6	-1.1753462769997156
2	6	6	1	-1.1753462769997156
6	2	6	1	1.1753462769997156
2	6	1	7	4.001432806615147
6	2	1	7	-4.001432806615147
2	6	7	1	-4.001432806615147
6	2	7	1	4.001432806615147
2	6	2	3	6.739088410258442
6	2	2	3	-6.739088410258442
2	6	3	2	-6.739088410258442
6	2	3	2	6.739088410258442
2	6	2	4	0.0
6	2	2	4	-0.0
2	6	4	2	-0.0
6	2	4	2	0.0
2	6	2	5	0.0
6	2	2	5	-0.0
2	6	5	2	-0.0
6	2	5	2	0.0
2	6	2	6	2.4296608263638833
6	2	2	6	-2.4296608263638833
2	6	6	2	-2.4296608263638833
6	2	6	2	2.4296608263638833
2	6	2	7	5.922792712149596
6	2	2	7	-5.922792712149596
2	6	7	2	-5.922792712149596
6	2	7	2	5.922792712149596
2	6	3	4	0.0
6	2	3	4	-0.0
2	6	4	3	-0.0
6	2	4	3	0.0
2	6	3	5	0.0
6	2	3	5	-0.0
2	6	5	3	-0.0
6	2	5	3	0.0
2	6	3	6	7.223068641407761
6	2	3	6	-7.223068641407761
2	6	6	3	-7.223068641407761
6	2	6	3	7.223068641407761
2	6	3	7	0.0
6	2	3	7	-0.0
2	6	7	3	-0.0
6	2	7	3	0.0
2	6	4	5	0.0
6	2	4	5	-0.0
2	6	5	4	-0.0
6	2	5	4	0.0
2	6	4	6	0.0
6	2	4	6	-0.0
2	6	6	4	-0.0
6	2	6	4	0.0
2	6	4	7	0.0
6	2	4	7	-0.0
2	6	7	4	-0.0
6	2	7	4	0.0
2	6	5	6	0.0
6	2	5	6	-0.0
2	6	6	5	-0.0
6	2	6	5	0.0
2	6	5	7	0.0
6	2	5	7	-0.0
2	6	7	5	-0.0
6	2	7	5	0.0
2	6	6	7	3.8112013268914544
6	2	6	7	-3.8112013268914544
2	6	7	6	-3.8112013268914544
6	2	7	6	3.8112013268914544
2	7	0	1	4.40390290532044
7	2	0	1	-4.40390290532044
2	7	1	0	-4.40390290532044
7	2	1	0	4.40390290532044
2	7	0	2	4.052779028577197
7	2	0	2	-4.052779028577197
2	7	2	0	-4.052779028577197
7	2	2	0	4.052779028577197
2	7	0	3	4.397429696077503
7	2	0	3	-4.397429696077503
2	7	3	0	-4.397429696077503
7	2	3	0	4.397429696077503
2	7	0	4	6.180265301372609
7	2	0	4	-6.180265301372609
2	7	4	0	-6.180265301372609
7	2	4	0	6.180265301372609
2	7	0	5	5.4764344254795905
7	2	0	5	-5.4764344254795905
2	7	5	0	-5.4764344254795905
7	2	5	0	5.4764344254795905
2	7	0	6	2.971089240635619
7	2	0	6	-2.971089240635619
2	7	6	0	-2.971089240635619
7	2	6	0	2.971089240635619
2	7	0	7	3.156235324991991
7	2	0	7	-3.156235324991991
2	7	7	0	-3.156235324991991
7	2	7	0	3.156235324991991
2	7	1	2	0.5585301210159128
7	2	1	2	-0.5585301210159128
2	7	2	1	-0.5585301210159128
7	2	2	1	0.5585301210159128
2	7	1	3	1.0615404602468752
7	2	1	3	-1.0615404602468752
2	7	3	1	-1.0615404602468752
7	2	3	1	1.0615404602468752
2	7	1	4	2.0018935748553828
7	2	1	4	-2.0018935748553828
2	7	4	1	-2.0018935748553828
7	2	4	1	2.0018935748553828
2	7	1	5	0.0
7	2	1	5	-0.0
2	7	5	1	-0.0
7	2	5	1	0.0
2	7	1	6	1.4451214417644802
7	2	1	6	-1.4451214417644802
2	7	6	1	-1.4451214417644802
7	2	6	1	1.4451214417644802
2	7	1	7	3.6230958476468897
7	2	1	7	-3.6230958476468897
2	7	7	1	-3.6230958476468897
7	2	7	1	3.6230958476468897
2	7	2	3	6.071598342115465
7	2	2	3	-6.071598342115465
2	7	3	2	-6.071598342115465
7	2	3	2	6.071598342115465
2	7	2	4	0.0
7	2	2	4	-0.0
2	7	4	2	-0.0
7	2	4	2	0.0
2	7	2	5	0.0
7	2	2	5	-0.0
2	7	5	2	-0.0
7	2	5	2	0.0
2	7	2	6	2.844501950193215
7	2	2	6	-2.844501950193215
2	7	6	2	-2.844501950193215
7	2	6	2	2.844501950193215
2	7	2	7	8.221532137021622
7	2	2	7	-8.221532137021622
2	7	7	2	-8.221532137021622
7	2	7	2	8.221532137021622
2	7	3	4	0.0
7	2	3	4	-0.0
2	7	4	3	-0.0
7	2	4	3	0.0
2	7	3	5	0.0
7	2	3	5	-0.0
2	7	5	3	-0.0
7	2	5	3	0.0
2	7	3	6	7.707842005073343
7	2	3	6	-7.707842005073343
2	7	6	3	-7.707842005073343
7	2	6	3	7.707842005073343
2	7	3	7	0.0
7	2	3	7	-0.0
2	7	7	3	-0.0
7	2	7	3	0.0
2	7	4	5	0.0
7	2	4	5	-0.0
2	7	5	4	-0.0
7	2	5	4	0.0
2	7	4	6	0.0
7	2	4	6	-0.0
2	7	6	4	-0.0
7	2	6	4	0.0
2	7	4	7	0.0
7	2	4	7	-0.0
2	7	7	4	-0.0
7	2	7	4	0.0
2	7	5	6	0.0
7	2	5	6	-0.0
2	7	6	5	-0.0
7	2	6	5	0.0
2	7	5	7	0.0
7	2	5	7	-0.0
2	7	7	5	-0.0
7	2	7	5	0.0
2	7	6	7	4.178864637905463
7	2	6	7	-4.178864637905463
2	7	7	6	-4.178864637905463
7	2	7	6	4.178864637905463
3	4	0	1	5.039712658839159
4	3	0	1	-5.039712658839159
3	4	1	0	-5.039712658839159
4	3	1	0	5.039712658839159
3	4	0	2	6.010642190080764
4	3	0	2	-6.010642190080764
3	4	2	0	-6.010642190080764
4	3	2	0	6.010642190080764
3	4	0	3	8.306359209982665
4	3	0	3	-8.306359209982665
3	4	3	0	-8.306359209982665
4	3	3	0	8.306359209982665
3	4	0	4	8.522471272936867
4	3	0	4	-8.522471272936867
3	4	4	0	-8.522471272936867
4	3	4	0	8.522471272936867
3	4	0	5	10.0712430652128
4	3	0	5	-10.0712430652128
3	4	5	0	-10.0712430652128
4	3	5	0	10.0712430652128
3	4	0	6	2.684646853749343
4	3	0	6	-2.684646853749343
3	4	6	0	-2.684646853749343
4	3	6	0	2.684646853749343
3	4	0	7	3.717823870106777
4	3	0	7	-3.717823870106777
3	4	7	0	-3.717823870106777
4	3	7	0	3.717823870106777
3	4	1	2	0.9514040694444394
4	3	1	2	-0.9514040694444394
3	4	2	1	-0.9514040694444394
4	3	2	1	0.9514040694444394
3	4	1	3	1.3496203987317206
4	3	1	3	-1.3496203987317206
3	4	3	1	-1.3496203987317206
4	3	3	1	1.3496203987317206
3	4	1	4	2.929030277146138
4	3	1	4	-2.929030277146138
3	4	4	1	-2.929030277146138
4	3	4	1	2.929030277146138
3	4	1	5	0.0
4	3	1	5	-0.0
3	4	5	1	-0.0
4	3	5	1	0.0
3	4	1	6	1.3511562511280155
4	3	1	6	-1.3511562511280155
3	4	6	1	-1.3511562511280155
4	3	6	1	1.3511562511280155
3	4	1	7	3.651132664875047
4	3	1	7	-3.651132664875047
3	4	7	1	-3.651132664875047
4	3	7	1	3.651132664875047
3	4	2	3	11.54216253707846
4	3	2	3	-11.54216253707846
3	4	3	2	-11.54216253707846
4	3	3	2	11.54216253707846
3	4	2	4	0.0
4	3	2	4	-0.0
3	4	4	2	-0.0
4	3	4	2	0.0
3	4	2	5	0.0
4	3	2	5	-0.0
3	4	5	2	-0.0
4	3	5	2	0.0
3	4	2	6	2.257030148778367
4	3	2	6	-2.257030148778367
3	4	6	2	-2.257030148778367
4	3	6	2	2.257030148778367
3	4	2	7	7.799738903827435
4	3	2	7	-7.799738903827435
3	4	7	2	-7.799738903827435
4	3	7	2	7.799738903827435
3	4	3	4	0.0
4	3	3	4	-0.0
3	4	4	3	-0.0
4	3	4	3	0.0
3	4	3	5	0.0
4	3	3	5	-0.0
3	4	5	3	-0.0
4	3	5	3	0.0
3	4	3	6	8.383384588900022
4	3	3	6	-8.383384588900022
3	4	6	3	-8.383384588900022
4	3	6	3	8.383384588900022
3	4	3	7	0.0
4	3	3	7	-0.0
3	4	7	3	-0.0
4	3	7	3	0.0
3	4	4	5	0.0
4	3	4	5	-0.0
3	4	5	4	-0.0
4	3	5	4	0.0
3	4	4	6	0.0
4	3	4	6	-0.0
3	4	6	4	-0.0
4	3	6	4	0.0
3	4	4	7	0.0
4	3	4	7	-0.0
3	4	7	4	-0.0
4	3	7	4	0.0
3	4	5	6	0.0
4	3	5	6	-0.0
3	4	6	5	-0.0
4	3	6	5	0.0
3	4	5	7	0.0
4	3	5	7	-0.0
3	4	7	5	-0.0
4	3	7	5	0.0
3	4	6	7	3.4423832910450063
4	3	6	7	-3.4423832910450063
3	4	7	6	-3.4423832910450063
4	3	7	6	3.4423832910450063
3	5	0	1	4.884399811599778
5	3	0	1	-4.884399811599778
3	5	1	0	-4.884399811599778
5	3	1	0	4.884399811599778
3	5	0	2	5.891911844762736
5	3	0	2	-5.891911844762736
3	5	2	0	-5.891911844762736
5	3	2	0	5.891911844762736
3	5	0	3	6.827453344173514
5	3	0	3	-6.827453344173514
3	5	3	0	-6.827453344173514
5	3	3	0	6.827453344173514
3	5	0	4	6.4444120368432865
5	3	0	4	-6.4444120368432865
3	5	4	0	-6.4444120368432865
5	3	4	0	6.4444120368432865
3	5	0	5	8.533568084675183
5	3	0	5	-8.533568084675183
3	5	5	0	-8.533568084675183
5	3	5	0	8.533568084675183
3	5	0	6	2.349456877382104
5	3	0	6	-2.349456877382104
3	5	6	0	-2.349456877382104
5	3	6	0	2.349456877382104
3	5	0	7	2.9870418668254306
5	3	0	7	-2.9870418668254306
3	5	7	0	-2.9870418668254306
5	3	7	0	2.9870418668254306
3	5	1	2	0.769445080826834
5	3	1	2	-0.769445080826834
3	5	2	1	-0.769445080826834
5	3	2	1	0.769445080826834
3	5	1	3	1.2244066308279768
5	3	1	3	-1.2244066308279768
3	5	3	1	-1.2244066308279768
5	3	3	1	1.2244066308279768
3	5	1	4	3.2068539988908307
5	3	1	4	-3.2068539988908307
3	5	4	1	-3.2068539988908307
5	3	4	1	3.2068539988908307
3	5	1	5	0.0
5	3	1	5	-0.0
3	5	5	1	-0.0
5	3	5	1	0.0
3	5	1	6	1.3742385561939623
5	3	1	6	-1.3742385561939623
3	5	6	1	-1.3742385561939623
5	3	6	1	1.3742385561939623
3	5	1	7	4.328910736005179
5	3	1	7	-4.328910736005179
3	5	7	1	-4.328910736005179
5	3	7	1	4.328910736005179
3	5	2	3	8.280304213941953
5	3	2	3	-8.280304213941953
3	5	3	2	-8.280304213941953
5	3	3	2	8.280304213941953
3	5	2	4	0.0
5	3	2	4	-0.0
3	5	4	2	-0.0
5	3	4	2	0.0
3	5	2	5	0.0
5	3	2	5	-0.0
3	5	5	2	-0.0
5	3	5	2	0.0
3	5	2	6	3.272136221981818
5	3	2	6	-3.272136221981818
3	5	6	2	-3.272136221981818
5	3	6	2	3.272136221981818
3	5	2	7	7.88371442468448
5	3	2	7	-7.88371442468448
3	5	7	2	-7.88371442468448
5	3	7	2	7.88371442468448
3	5	3	4	0.0
5	3	3	4	-0.0
3	5	4	3	-0.0
5	3	4	3	0.0
3	5	3	5	0.0
5	3	3	5	-0.0
3	5	5	3	-0.0
5	3	5	3	0.0
3	5	3	6	8.18995963757543
5	3	3	6	-8.18995963757543
3	5	6	3	-8.18995963757543
5	3	6	3	8.18995963757543
3	5	3	7	0.0
5	3	3	7	-0.0
3	5	7	3	-0.0
5	3	7	3	0.0
3	5	4	5	0.0
5	3	4	5	-0.0
3	5	5	4	-0.0
5	3	5	4	0.0
3	5	4	6	0.0
5	3	4	6	-0.0
3	5	6	4	-0.0
5	3	6	4	0.0
3	5	4	7	0.0
5	3	4	7	-0.0
3	5	7	4	-0.0
5	3	7	4	0.0
3	5	5	6	0.0
5	3	5	6	-0.0
3	5	6	5	-0.0
5	3	6	5	0.0
3	5	5	7	0.0
5	3	5	7	-0.0
3	5	7	5	-0.0
5	3	7	5	0.0
3	5	6	7	3.9047350483092083
5	3	6	7	-3.9047350483092083
3	5	7	6	-3.9047350483092083
5	3	7	6	3.9047350483092083
3	6	0	1	3.614015903247304
6	3	0	1	-3.614015903247304
3	6	1	0	-3.614015903247304
6	3	1	0	3.614015903247304
3	6	0	2	3.8341785649172624
6	3	0	2	-3.8341785649172624
3	6	2	0	-3.8341785649172624
6	3	2	0	3.8341785649172624
3	6	0	3	4.720790783839116
6	3	0	3	-4.720790783839116
3	6	3	0	-4.720790783839116
6	3	3	0	4.720790783839116
3	6	0	4	5.639076917901769
6	3	0	4	-5.639076917901769
3	6	4	0	-5.639076917901769
6	3	4	0	5.639076917901769
3	6	0	5	5.096417341867163
6	3	0	5	-5.096417341867163
3	6	5	0	-5.096417341867163
6	3	5	0	5.096417341867163
3	6	0	6	2.319937769513289
6	3	0	6	-2.319937769513289
3	6	6	0	-2.319937769513289
6	3	6	0	2.319937769513289
3	6	0	7	3.3002962471867523
6	3	0	7	-3.3002962471867523
3	6	7	0	-3.3002962471867523
6	3	7	0	3.3002962471867523
3	6	1	2	0.5333570429098727
6	3	1	2	-0.5333570429098727
3	6	2	1	-0.5333570429098727
6	3	2	1	0.5333570429098727
3	6	1	3	1.0579915152931898
6	3	1	3	-1.0579915152931898
3	6	3	1	-1.0579915152931898
6	3	3	1	1.0579915152931898
3	6	1	4	1.9908429286637586
6	3	1	4	-1.9908429286637586
3	6	4	1	-1.9908429286637586
6	3	4	1	1.9908429286637586
3	6	1	5	0.0
6	3	1	5	-0.0
3	6	5	1	-0.0
6	3	5	1	0.0
3	6	1	6	1.2695169911013362
6	3	1	6	-1.2695169911013362
3	6	6	1	-1.2695169911013362
6	3	6	1	1.2695169911013362
3	6	1	7	3.4232837009037853
6	3	1	7	-3.4232837009037853
3	6	7	1	-3.4232837009037853
6	3	7	1	3.4232837009037853
3	6	2	3	8.410377717695145
6	3	2	3	-8.410377717695145
3	6	3	2	-8.410377717695145
6	3	3	2	8.410377717695145
3	6	2	4	0.0
6	3	2	4	-0.0
3	6	4	2	-0.0
6	3	4	2	0.0
3	6	2	5	0.0
6	3	2	5	-0.0
3	6	5	2	-0.0
6	3	5	2	0.0
3	6	2	6	2.4906514188729525
6	3	2	6	-2.4906514188729525
3	6	6	2	-2.4906514188729525
6	3	6	2	2.4906514188729525
3	6	2	7	6.724132760569431
6	3	2	7	-6.724132760569431
3	6	7	2	-6.724132760569431
6	3	7	2	6.724132760569431
3	6	3	4	0.0
6	3	3	4	-0.0
3	6	4	3	-0.0
6	3	4	3	0.0
3	6	3	5	0.0
6	3	3	5	-0.0
3	6	5	3	-0.0
6	3	5	3	0.0
3	6	3	6	8.909074388405841
6	3	3	6	-8.909074388405841
3	6	6	3	-8.909074388405841
6	3	6	3	8.909074388405841
3	6	3	7	0.0
6	3	3	7	-0.0
3	6	7	3	-0.0
6	3	7	3	0.0
3	6	4	5	0.0
6	3	4	5	-0.0
3	6	5	4	-0.0
6	3	5	4	0.0
3	6	4	6	0.0
6	3	4	6	-0.0
3	6	6	4	-0.0
6	3	6	4	0.0
3	6	4	7	0.0
6	3	4	7	-0.0
3	6	7	4	-0.0
6	3	7	4	0.0
3	6	5	6	0.0
6	3	5	6	-0.0
3	6	6	5	-0.0
6	3	6	5	0.0
3	6	5	7	0.0
6	3	5	7	-0.0
3	6	7	5	-0.0
6	3	7	5	0.0
3	6	6	7	2.943375431654424
6	3	6	7	-2.943375431654424
3	6	7	6	-2.943375431654424
6	3	7	6	2.943375431654424
3	7	0	1	4.26417075039821
7	3	0	1	-4.26417075039821
3	7	1	0	-4.26417075039821
7	3	1	0	4.26417075039821
3	7	0	2	4.167212127901283
7	3	0	2	-4.167212127901283
3	7	2	0	-4.167212127901283
7	3	2	0	4.167212127901283
3	7	0	3	4.914783421388167
7	3	0	3	-4.914783421388167
3	7	3	0	-4.914783421388167
7	3	3	0	4.914783421388167
3	7	0	4	5.188179835288913
7	3	0	4	-5.188179835288913
3	7	4	0	-5.188179835288913
7	3	4	0	5.188179835288913
3	7	0	5	6.695272646330187
7	3	0	5	-6.695272646330187
3	7	5	0	-6.695272646330187
7	3	5	0	6.695272646330187
3	7	0	6	2.536192130345131
7	3	0	6	-2.536192130345131
3	7	6	0	-2.536192130345131
7	3	6	0	2.536192130345131
3	7	0	7	3.0472945852952398
7	3	0	7	-3.0472945852952398
3	7	7	0	-3.0472945852952398
7	3	7	0	3.0472945852952398
3	7	1	2	0.6541612333829319
7	3	1	2	-0.6541612333829319
3	7	2	1	-0.6541612333829319
7	3	2	1	0.6541612333829319
3	7	1	3	1.1771746944305712
7	3	1	3	-1.1771746944305712
3	7	3	1	-1.1771746944305712
7	3	3	1	1.1771746944305712
3	7	1	4	1.7779887647121315
7	3	1	4	-1.7779887647121315
3	7	4	1	-1.7779887647121315
7	3	4	1	1.7779887647121315
3	7	1	5	0.0
7	3	1	5	-0.0
3	7	5	1	-0.0
7	3	5	1	0.0
3	7	1	6	0.9518593587804455
7	3	1	6	-0.9518593587804455
3	7	6	1	-0.9518593587804455
7	3	6	1	0.9518593587804455
3	7	1	7	4.337422854122965
7	3	1	7	-4.337422854122965
3	7	7	1	-4.337422854122965
7	3	7	1	4.337422854122965
3	7	2	3	6.076824539785118
7	3	2	3	-6.076824539785118
3	7	3	2	-6.076824539785118
7	3	3	2	6.076824539785118
3	7	2	4	0.0
7	3	2	4	-0.0
3	7	4	2	-0.0
7	3	4	2	0.0
3	7	2	5	0.0
7	3	2	5	-0.0
3	7	5	2	-0.0
7	3	5	2	0.0
3	7	2	6	2.9761648573504873
7	3	2	6	-2.9761648573504873
3	7	6	2	-2.9761648573504873
7	3	6	2	2.9761648573504873
3	7	2	7	7.947055650030158
7	3	2	7	-7.947055650030158
3	7	7	2	-7.947055650030158
7	3	7	2	7.947055650030158
3	7	3	4	0.0
7	3	3	4	-0.0
3	7	4	3	-0.0
7	3	4	3	0.0
3	7	3	5	0.0
7	3	3	5	-0.0
3	7	5	3	-0.0
7	3	5	3	0.0
3	7	3	6	7.012036846346598
7	3	3	6	-7.012036846346598
3	7	6	3	-7.012036846346598
7	3	6	3	7.012036846346598
3	7	3	7	0.0
7	3	3	7	-0.0
3	7	7	3	-0.0
7	3	7	3	0.0
3	7	4	5	0.0
7	3	4	5	-0.0
3	7	5	4	-0.0
7	3	5	4	0.0
3	7	4	6	0.0
7	3	4	6	-0.0
3	7	6	4	-0.0
7	3	6	4	0.0
3	7	4	7	0.0
7	3	4	7	-0.0
3	7	7	4	-0.0
7	3	7	4	0.0
3	7	5	6	0.0
7	3	5	6	-0.0
3	7	6	5	-0.0
7	3	6	5	0.0
3	7	5	7	0.0
7	3	5	7	-0.0
3	7	7	5	-0.0
7	3	7	5	0.0
3	7	6	7	4.3895894676136065
7	3	6	7	-4.3895894676136065
3	7	7	6	-4.3895894676136065
7	3	7	6	4.3895894676136065
4	5	0	1	6.172200515028465
5	4	0	1	-6.172200515028465
4	5	1	0	-6.172200515028465
5	4	1	0	6.172200515028465
4	5	0	2	7.451251806884872
5	4	0	2	-7.451251806884872
4	5	2	0	-7.451251806884872
5	4	2	0	7.451251806884872
4	5	0	3	6.61289572438135
5	4	0	3	-6.61289572438135
4	5	3	0	-6.61289572438135
5	4	3	0	6.61289572438135
4	5	0	4	8.029099527487906
5	4	0	4	-8.029099527487906
4	5	4	0	-8.029099527487906
5	4	4	0	8.029099527487906
4	5	0	5	8.041725374147338
5	4	0	5	-8.041725374147338
4	5	5	0	-8.041725374147338
5	4	5	0	8.041725374147338
4	5	0	6	2.6126983520605744
5	4	0	6	-2.6126983520605744
4	5	6	0	-2.6126983520605744
5	4	6	0	2.6126983520605744
4	5	0	7	3.4865720758570564
5	4	0	7	-3.4865720758570564
4	5	7	0	-3.4865720758570564
5	4	7	0	3.4865720758570564
4	5	1	2	0.9700118054687147
5	4	1	2	-0.9700118054687147
4	5	2	1	-0.9700118054687147
5	4	2	1	0.9700118054687147
4	5	1	3	1.6177393824746122
5	4	1	3	-1.6177393824746122
4	5	3	1	-1.6177393824746122
5	4	3	1	1.6177393824746122
4	5	1	4	2.749164998432213
5	4	1	4	-2.749164998432213
4	5	4	1	-2.749164998432213
5	4	4	1	2.749164998432213
4	5	1	5	0.0
5	4	1	5	-0.0
4	5	5	1	-0.0
5	4	5	1	0.0
4	5	1	6	1.2737010422620667
5	4	1	6	-1.2737010422620667
4	5	6	1	-1.2737010422620667
5	4	6	1	1.2737010422620667
4	5	1	7	3.7255755020336703
5	4	1	7	-3.7255755020336703
4	5	7	1	-3.7255755020336703
5	4	7	1	3.7255755020336703
4	5	2	3	10.953154134820918
5	4	2	3	-10.953154134820918
4	5	3	2	-10.953154134820918
5	4	3	2	10.953154134820918
4	5	2	4	0.0
5	4	2	4	-0.0
4	5	4	2	-0.0
5	4	4	2	0.0
4	5	2	5	0.0
5	4	2	5	-0.0
4	5	5	2	-0.0
5	4	5	2	0.0
4	5	2	6	2.997455237820192
5	4	2	6	-2.997455237820192
4	5	6	2	-2.997455237820192
5	4	6	2	2.997455237820192
4	5	2	7	7.56390974660753
5	4	2	7	-7.56390974660753
4	5	7	2	-7.56390974660753
5	4	7	2	7.56390974660753
4	5	3	4	0.0
5	4	3	4	-0.0
4	5	4	3	-0.0
5	4	4	3	0.0
4	5	3	5	0.0
5	4	3	5	-0.0
4	5	5	3	-0.0
5	4	5	3	0.0
4	5	3	6	7.712769748697491
5	4	3	6	-7.712769748697491
4	5	6	3	-7.712769748697491
5	4	6	3	7.712769748697491
4	5	3	7	0.0
5	4	3	7	-0.0
4	5	7	3	-0.0
5	4	7	3	0.0
4	5	4	5	0.0
5	4	4	5	-0.0
4	5	5	4	-0.0
5	4	5	4	0.0
4	5	4	6	0.0
5	4	4	6	-0.0
4	5	6	4	-0.0
5	4	6	4	0.0
4	5	4	7	0.0
5	4	4	7	-0.0
4	5	7	4	-0.0
5	4	7	4	0.0
4	5	5	6	0.0
5	4	5	6	-0.0
4	5	6	5	-0.0
5	4	6	5	0.0
4	5	5	7	0.0
5	4	5	7	-0.0
4	5	7	5	-0.0
5	4	7	5	0.0
4	5	6	7	3.364614067270166
5	4	6	7	-3.364614067270166
4	5	7	6	-3.364614067270166
5	4	7	6	3.364614067270166
4	6	0	1	4.296477560331852
6	4	0	1	-4.296477560331852
4	6	1	0	-4.296477560331852
6	4	1	0	4.296477560331852
4	6	0	2	3.050317729464748
6	4	0	2	-3.050317729464748
4	6	2	0	-3.050317729464748
6	4	2	0	3.050317729464748
4	6	0	3	6.234328614802684
6	4	0	3	-6.234328614802684
4	6	3	0	-6.234328614802684
6	4	3	0	6.234328614802684
4	6	0	4	6.47658542161751
6	4	0	4	-6.47658542161751
4	6	4	0	-6.47658542161751
6	4	4	0	6.47658542161751
4	6	0	5	6.066226537894068
6	4	0	5	-6.066226537894068
4	6	5	0	-6.066226537894068
6	4	5	0	6.066226537894068
4	6	0	6	2.9594641243363577
6	4	0	6	-2.9594641243363577
4	6	6	0	-2.9594641243363577
6	4	6	0	2.9594641243363577
4	6	0	7	3.707911269183986
6	4	0	7	-3.707911269183986
4	6	7	0	-3.707911269183986
6	4	7	0	3.707911269183986
4	6	1	2	0.6496206623385038
6	4	1	2	-0.6496206623385038
4	6	2	1	-0.6496206623385038
6	4	2	1	0.6496206623385038
4	6	1	3	1.2555934391872547
6	4	1	3	-1.2555934391872547
4	6	3	1	-1.2555934391872547
6	4	3	1	1.2555934391872547
4	6	1	4	1.9140077527185333
6	4	1	4	-1.9140077527185333
4	6	4	1	-1.9140077527185333
6	4	4	1	1.9140077527185333
4	6	1	5	0.0
6	4	1	5	-0.0
4	6	5	1	-0.0
6	4	5	1	0.0
4	6	1	6	1.3823541119620397
6	4	1	6	-1.3823541119620397
4	6	6	1	-1.3823541119620397
6	4	6	1	1.3823541119620397
4	6	1	7	4.101913119416983
6	4	1	7	-4.101913119416983
4	6	7	1	-4.101913119416983
6	4	7	1	4.101913119416983
4	6	2	3	6.789506882022308
6	4	2	3	-6.789506882022308
4	6	3	2	-6.789506882022308
6	4	3	2	6.789506882022308
4	6	2	4	0.0
6	4	2	4	-0.0
4	6	4	2	-0.0
6	4	4	2	0.0
4	6	2	5	0.0
6	4	2	5	-0.0
4	6	5	2	-0.0
6	4	5	2	0.0
4	6	2	6	2.006148137365436
6	4	2	6	-2.006148137365436
4	6	6	2	-2.006148137365436
6	4	6	2	2.006148137365436
4	6	2	7	7.877568776724548
6	4	2	7	-7.877568776724548
4	6	7	2	-7.877568776724548
6	4	7	2	7.877568776724548
4	6	3	4	0.0
6	4	3	4	-0.0
4	6	4	3	-0.0
6	4	4	3	0.0
4	6	3	5	0.0
6	4	3	5	-0.0
4	6	5	3	-0.0
6	4	5	3	0.0
4	6	3	6	6.202790683378691
6	4	3	6	-6.202790683378691
4	6	6	3	-6.202790683378691
6	4	6	3	6.202790683378691
4	6	3	7	0.0
6	4	3	7	-0.0
4	6	7	3	-0.0
6	4	7	3	0.0
4	6	4	5	0.0
6	4	4	5	-0.0
4	6	5	4	-0.0
6	4	5	4	0.0
4	6	4	6	0.0
6	4	4	6	-0.0
4	6	6	4	-0.0
6	4	6	4	0.0
4	6	4	7	0.0
6	4	4	7	-0.0
4	6	7	4	-0.0
6	4	7	4	0.0
4	6	5	6	0.0
6	4	5	6	-0.0
4	6	6	5	-0.0
6	4	6	5	0.0
4	6	5	7	0.0
6	4	5	7	-0.0
4	6	7	5	-0.0
6	4	7	5	0.0
4	6	6	7	3.408699597127558
6	4	6	7	-3.408699597127558
4	6	7	6	-3.408699597127558
6	4	7	6	3.408699597127558
4	7	0	1	4.3847765108629435
7	4	0	1	-4.3847765108629435
4	7	1	0	-4.3847765108629435
7	4	1	0	4.3847765108629435
4	7	0	2	4.491596782371427
7	4	0	2	-4.491596782371427
4	7	2	0	-4.491596782371427
7	4	2	0	4.491596782371427
4	7	0	3	4.543435861522726
7	4	0	3	-4.543435861522726
4	7	3	0	-4.543435861522726
7	4	3	0	4.543435861522726
4	7	0	4	6.669512316249649
7	4	0	4	-6.669512316249649
4	7	4	0	-6.669512316249649
7	4	4	0	6.669512316249649
4	7	0	5	5.077682511005852
7	4	0	5	-5.077682511005852
4	7	5	0	-5.077682511005852
7	4	5	0	5.077682511005852
4	7	0	6	2.5024334283296144
7	4	0	6	-2.5024334283296144
4	7	6	0	-2.5024334283296144
7	4	6	0	2.5024334283296144
4	7	0	7	3.519212454663111
7	4	0	7	-3.519212454663111
4	7	7	0	-3.519212454663111
7	4	7	0	3.519212454663111
4	7	1	2	0.6271431579012015
7	4	1	2	-0.6271431579012015
4	7	2	1	-0.6271431579012015
7	4	2	1	0.6271431579012015
4	7	1	3	1.0340385673303611
7	4	1	3	-1.0340385673303611
4	7	3	1	-1.0340385673303611
7	4	3	1	1.0340385673303611
4	7	1	4	1.7974690535660325
7	4	1	4	-1.7974690535660325
4	7	4	1	-1.7974690535660325
7	4	4	1	1.7974690535660325
4	7	1	5	0.0
7	4	1	5	-0.0
4	7	5	1	-0.0
7	4	5	1	0.0
4	7	1	6	1.4581115688638338
7	4	1	6	-1.4581115688638338
4	7	6	1	-1.4581115688638338
7	4	6	1	1.4581115688638338
4	7	1	7	3.558382698501518
7	4	1	7	-3.558382698501518
4	7	7	1	-3.558382698501518
7	4	7	1	3.558382698501518
4	7	2	3	5.135735830300028
7	4	2	3	-5.135735830300028
4	7	3	2	-5.135735830300028
7	4	3	2	5.135735830300028
4	7	2	4	0.0
7	4	2	4	-0.0
4	7	4	2	-0.0
7	4	4	2	0.0
4	7	2	5	0.0
7	4	2	5	-0.0
4	7	5	2	-0.0
7	4	5	2	0.0
4	7	2	6	2.974086375510555
7	4	2	6	-2.974086375510555
4	7	6	2	-2.974086375510555
7	4	6	2	2.974086375510555
4	7	2	7	9.080565546436981
7	4	2	7	-9.080565546436981
4	7	7	2	-9.080565546436981
7	4	7	2	9.080565546436981
4	7	3	4	0.0
7	4	3	4	-0.0
4	7	4	3	-0.0
7	4	4	3	0.0
4	7	3	5	0.0
7	4	3	5	-0.0
4	7	5	3	-0.0
7	4	5	3	0.0
4	7	3	6	7.528340420854393
7	4	3	6	-7.528340420854393
4	7	6	3	-7.528340420854393
7	4	6	3	7.528340420854393
4	7	3	7	0.0
7	4	3	7	-0.0
4	7	7	3	-0.0
7	4	7	3	0.0
4	7	4	5	0.0
7	4	4	5	-0.0
4	7	5	4	-0.0
7	4	5	4	0.0
4	7	4	6	0.0
7	4	4	6	-0.0
4	7	6	4	-0.0
7	4	6	4	0.0
4	7	4	7	0.0
7	4	4	7	-0.0
4	7	7	4	-0.0
7	4	7	4	0.0
4	7	5	6	0.0
7	4	5	6	-0.0
4	7	6	5	-0.0
7	4	6	5	0.0
4	7	5	7	0.0
7	4	5	7	-0.0
4	7	7	5	-0.0
7	4	7	5	0.0
4	7	6	7	4.268008080468952
7	4	6	7	-4.268008080468952
4	7	7	6	-4.268008080468952
7	4	7	6	4.268008080468952
5	6	0	1	4.57654327773879
6	5	0	1	-4.57654327773879
5	6	1	0	-4.57654327773879
6	5	1	0	4.57654327773879
5	6	0	2	3.980281516068434
6	5	0	2	-3.980281516068434
5	6	2	0	-3.980281516068434
6	5	2	0	3.980281516068434
5	6	0	3	5.920251767193835
6	5	0	3	-5.920251767193835
5	6	3	0	-5.920251767193835
6	5	3	0	5.920251767193835
5	6	0	4	5.176936978460837
6	5	0	4	-5.176936978460837
5	6	4	0	-5.176936978460837
6	5	4	0	5.176936978460837
5	6	0	5	6.940472802452242
6	5	0	5	-6.940472802452242
5	6	5	0	-6.940472802452242
6	5	5	0	6.940472802452242
5	6	0	6	2.8119430537733257
6	5	0	6	-2.8119430537733257
5	6	6	0	-2.8119430537733257
6	5	6	0	2.8119430537733257
5	6	0	7	3.858474564106411
6	5	0	7	-3.858474564106411
5	6	7	0	-3.858474564106411
6	5	7	0	3.858474564106411
5	6	1	2	0.6279053966284275
6	5	1	2	-0.6279053966284275
5	6	2	1	-0.6279053966284275
6	5	2	1	0.6279053966284275
5	6	1	3	1.0861853041735545
6	5	1	3	-1.0861853041735545
5	6	3	1	-1.0861853041735545
6	5	3	1	1.0861853041735545
5	6	1	4	2.208761597529234
6	5	1	4	-2.208761597529234
5	6	4	1	-2.208761597529234
6	5	4	1	2.208761597529234
5	6	1	5	0.0
6	5	1	5	-0.0
5	6	5	1	-0.0
6	5	5	1	0.0
5	6	1	6	1.3036592195682692
6	5	1	6	-1.3036592195682692
5	6	6	1	-1.3036592195682692
6	5	6	1	1.3036592195682692
5	6	1	7	4.12351314855192
6	5	1	7	-4.12351314855192
5	6	7	1	-4.12351314855192
6	5	7	1	4.12351314855192
5	6	2	3	6.811390948540522
6	5	2	3	-6.811390948540522
5	6	3	2	-6.811390948540522
6	5	3	2	6.811390948540522
5	6	2	4	0.0
6	5	2	4	-0.0
5	6	4	2	-0.0
6	5	4	2	0.0
5	6	2	5	0.0
6	5	2	5	-0.0
5	6	5	2	-0.0
6	5	5	2	0.0
5	6	2	6	3.0332249700523777
6	5	2	6	-3.0332249700523777
5	6	6	2	-3.0332249700523777
6	5	6	2	3.0332249700523777
5	6	2	7	8.694786455276143
6	5	2	7	-8.694786455276143
5	6	7	2	-8.694786455276143
6	5	7	2	8.694786455276143
5	6	3	4	0.0
6	5	3	4	-0.0
5	6	4	3	-0.0
6	5	4	3	0.0
5	6	3	5	0.0
6	5	3	5	-0.0
5	6	5	3	-0.0
6	5	5	3	0.0
5	6	3	6	7.447667776553599
6	5	3	6	-7.447667776553599
5	6	6	3	-7.447667776553599
6	5	6	3	7.447667776553599
5	6	3	7	0.0
6	5	3	7	-0.0
5	6	7	3	-0.0
6	5	7	3	0.0
5	6	4	5	0.0
6	5	4	5	-0.0
5	6	5	4	-0.0
6	5	5	4	0.0
5	6	4	6	0.0
6	5	4	6	-0.0
5	6	6	4	-0.0
6	5	6	4	0.0
5	6	4	7	0.0
6	5	4	7	-0.0
5	6	7	4	-0.0
6	5	7	4	0.0
5	6	5	6	0.0
6	5	5	6	-0.0
5	6	6	5	-0.0
6	5	6	5	0.0
5	6	5	7	0.0
6	5	5	7	-0.0
5	6	7	5	-0.0
6	5	7	5	0.0
5	6	6	7	3.183455096321578
6	5	6	7	-3.183455096321578
5	6	7	6	-3.183455096321578
6	5	7	6	3.183455096321578
5	7	0	1	4.367715034712592
7	5	0	1	-4.367715034712592
5	7	1	0	-4.367715034712592
7	5	1	0	4.367715034712592
5	7	0	2	4.972059571269621
7	5	0	2	-4.972059571269621
5	7	2	0	-4.972059571269621
7	5	2	0	4.972059571269621
5	7	0	3	4.336594352213736
7	5	0	3	-4.336594352213736
5	7	3	0	-4.336594352213736
7	5	3	0	4.336594352213736
5	7	0	4	5.463885808529562
7	5	0	4	-5.463885808529562
5	7	4	0	-5.463885808529562
7	5	4	0	5.463885808529562
5	7	0	5	6.155135120772837
7	5	0	5	-6.155135120772837
5	7	5	0	-6.155135120772837
7	5	5	0	6.155135120772837
5	7	0	6	2.590488848179085
7	5	0	6	-2.590488848179085
5	7	6	0	-2.590488848179085
7	5	6	0	2.590488848179085
5	7	0	7	4.150945509298379
7	5	0	7	-4.150945509298379
5	7	7	0	-4.150945509298379
7	5	7	0	4.150945509298379
5	7	1	2	0.49811244965514767
7	5	1	2	-0.49811244965514767
5	7	2	1	-0.49811244965514767
7	5	2	1	0.49811244965514767
5	7	1	3	1.2079525800891153
7	5	1	3	-1.2079525800891153
5	7	3	1	-1.2079525800891153
7	5	3	1	1.2079525800891153
5	7	1	4	1.9294576917532842
7	5	1	4	-1.9294576917532842
5	7	4	1	-1.9294576917532842
7	5	4	1	1.9294576917532842
5	7	1	5	0.0
7	5	1	5	-0.0
5	7	5	1	-0.0
7	5	5	1	0.0
5	7	1	6	1.3434951360064984
7	5	1	6	-1.3434951360064984
5	7	6	1	-1.3434951360064984
7	5	6	1	1.3434951360064984
5	7	1	7	3.7776367779803017
7	5	1	7	-3.7776367779803017
5	7	7	1	-3.7776367779803017
7	5	7	1	3.7776367779803017
5	7	2	3	7.191060173384487
7	5	2	3	-7.191060173384487
5	7	3	2	-7.191060173384487
7	5	3	2	7.191060173384487
5	7	2	4	0.0
7	5	2	4	-0.0
5	7	4	2	-0.0
7	5	4	2	0.0
5	7	2	5	0.0
7	5	2	5	-0.0
5	7	5	2	-0.0
7	5	5	2	0.0
5	7	2	6	2.9385805583287987
7	5	2	6	-2.9385805583287987
5	7	6	2	-2.9385805583287987
7	5	6	2	2.9385805583287987
5	7	2	7	9.334080014761179
7	5	2	7	-9.334080014761179
5	7	7	2	-9.334080014761179
7	5	7	2	9.334080014761179
5	7	3	4	0.0
7	5	3	4	-0.0
5	7	4	3	-0.0
7	5	4	3	0.0
5	7	3	5	0.0
7	5	3	5	-0.0
5	7	5	3	-0.0
7	5	5	3	0.0
5	7	3	6	6.975430580815541
7	5	3	6	-6.975430580815541
5	7	6	3	-6.975430580815541
7	5	6	3	6.975430580815541
5	7	3	7	0.0
7	5	3	7	-0.0
5	7	7	3	-0.0
7	5	7	3	0.0
5	7	4	5	0.0
7	5	4	5	-0.0
5	7	5	4	-0.0
7	5	5	4	0.0
5	7	4	6	0.0
7	5	4	6	-0.0
5	7	6	4	-0.0
7	5	6	4	0.0
5	7	4	7	0.0
7	5	4	7	-0.0
5	7	7	4	-0.0
7	5	7	4	0.0
5	7	5	6	0.0
7	5	5	6	-0.0
5	7	6	5	-0.0
7	5	6	5	0.0
5	7	5	7	0.0
7	5	5	7	-0.0
5	7	7	5	-0.0
7	5	7	5	0.0
5	7	6	7	3.850116199229988
7	5	6	7	-3.850116199229988
5	7	7	6	-3.850116199229988
7	5	7	6	3.850116199229988
6	7	0	1	3.5918616618256407
7	6	0	1	-3.5918616618256407
6	7	1	0	-3.5918616618256407
7	6	1	0	3.5918616618256407
6	7	0	2	3.9960759720503884
7	6	0	2	-3.9960759720503884
6	7	2	0	-3.9960759720503884
7	6	2	0	3.9960759720503884
6	7	0	3	4.169553573599926
7	6	0	3	-4.169553573599926
6	7	3	0	-4.169553573599926
7	6	3	0	4.169553573599926
6	7	0	4	5.38308449461398
7	6	0	4	-5.38308449461398
6	7	4	0	-5.38308449461398
7	6	4	0	5.38308449461398
6	7	0	5	5.8081522246920825
7	6	0	5	-5.8081522246920825
6	7	5	0	-5.8081522246920825
7	6	5	0	5.8081522246920825
6	7	0	6	3.0248072375421056
7	6	0	6	-3.0248072375421056
6	7	6	0	-3.0248072375421056
7	6	6	0	3.0248072375421056
6	7	0	7	4.362119263478988
7	6	0	7	-4.362119263478988
6	7	7	0	-4.362119263478988
7	6	7	0	4.362119263478988
6	7	1	2	0.5066044352335648
7	6	1	2	-0.5066044352335648
6	7	2	1	-0.5066044352335648
7	6	2	1	0.5066044352335648
6	7	1	3	0.9066427637001715
7	6	1	3	-0.9066427637001715
6	7	3	1	-0.9066427637001715
7	6	3	1	0.9066427637001715
6	7	1	4	2.1806840018756044
7	6	1	4	-2.1806840018756044
6	7	4	1	-2.1806840018756044
7	6	4	1	2.1806840018756044
6	7	1	5	0.0
7	6	1	5	-0.0
6	7	5	1	-0.0
7	6	5	1	0.0
6	7	1	6	1.4151407382726602
7	6	1	6	-1.4151407382726602
6	7	6	1	-1.4151407382726602
7	6	6	1	1.4151407382726602
6	7	1	7	3.950224357086759
7	6	1	7	-3.950224357086759
6	7	7	1	-3.950224357086759
7	6	7	1	3.950224357086759
6	7	2	3	6.089724907218758
7	6	2	3	-6.089724907218758
6	7	3	2	-6.089724907218758
7	6	3	2	6.089724907218758
6	7	2	4	0.0
7	6	2	4	-0.0
6	7	4	2	-0.0
7	6	4	2	0.0
6	7	2	5	0.0
7	6	2	5	-0.0
6	7	5	2	-0.0
7	6	5	2	0.0
6	7	2	6	2.898765448004493
7	6	2	6	-2.898765448004493
6	7	6	2	-2.898765448004493
7	6	6	2	2.898765448004493
6	7	2	7	7.529359385607674
7	6	2	7	-7.529359385607674
6	7	7	2	-7.529359385607674
7	6	7	2	7.529359385607674
6	7	3	4	0.0
7	6	3	4	-0.0
6	7	4	3	-0.0
7	6	4	3	0.0
6	7	3	5	0.0
7	6	3	5	-0.0
6	7	5	3	-0.0
7	6	5	3	0.0
6	7	3	6	8.317356816082178
7	6	3	6	-8.317356816082178
6	7	6	3	-8.317356816082178
7	6	6	3	8.317356816082178
6	7	3	7	0.0
7	6	3	7	-0.0
6	7	7	3	-0.0
7	6	7	3	0.0
6	7	4	5	0.0
7	6	4	5	-0.0
6	7	5	4	-0.0
7	6	5	4	0.0
6	7	4	6	0.0
7	6	4	6	-0.0
6	7	6	4	-0.0
7	6	6	4	0.0
6	7	4	7	0.0
7	6	4	7	-0.0
6	7	7	4	-0.0
7	6	7	4	0.0
6	7	5	6	0.0
7	6	5	6	-0.0
6	7	6	5	-0.0
7	6	6	5	0.0
6	7	5	7	0.0
7	6	5	7	-0.0
6	7	7	5	-0.0
7	6	7	5	0.0
6	7	6	7	4.53039280307117
7	6	6	7	-4.53039280307117
6	7	7	6	-4.53039280307117
7	6	7	6	4.53039280307117
